code,date,open,high,low,close,volume,amount,name
000755,2023-05-23,5.13,5.14,5.05,5.05,6022800.0,0.0,山西高速
000755,2023-05-24,5.09,5.1,5.01,5.01,4962400.0,0.0,山西高速
000755,2023-05-25,4.99,5.05,4.95,5.01,6043700.0,0.0,山西高速
000755,2023-05-26,5.02,5.05,4.93,4.99,5571300.0,0.0,山西高速
000755,2023-05-29,5.0,5.0,4.89,4.9,6287700.0,0.0,山西高速
000755,2023-05-30,4.91,4.95,4.86,4.94,6234600.0,0.0,山西高速
000755,2023-05-31,4.96,5.0,4.92,4.95,6529500.0,0.0,山西高速
000755,2023-06-01,4.94,4.98,4.88,4.91,4729900.0,0.0,山西高速
000755,2023-06-02,4.91,5.0,4.9,4.98,6061400.0,0.0,山西高速
000755,2023-06-05,4.96,5.02,4.95,5.0,4379000.0,0.0,山西高速
000755,2023-06-06,4.99,5.0,4.81,4.84,9481800.0,0.0,山西高速
000755,2023-06-07,4.8,4.9,4.79,4.87,5527400.0,0.0,山西高速
000755,2023-06-08,4.84,4.98,4.84,4.95,6811100.0,0.0,山西高速
000755,2023-06-09,4.93,4.95,4.86,4.88,5204800.0,0.0,山西高速
000755,2023-06-12,4.86,4.9,4.8,4.89,5216100.0,0.0,山西高速
000755,2023-06-13,4.86,4.93,4.86,4.92,4888700.0,0.0,山西高速
000755,2023-06-14,4.92,5.03,4.89,4.93,8470200.0,0.0,山西高速
000755,2023-06-15,4.91,4.93,4.84,4.91,6369200.0,0.0,山西高速
000755,2023-06-16,4.91,5.01,4.9,4.96,8521600.0,0.0,山西高速
000755,2023-06-19,4.94,4.95,4.84,4.85,7838300.0,0.0,山西高速
000755,2023-06-20,4.84,4.87,4.77,4.78,7061600.0,0.0,山西高速
000755,2023-06-21,4.77,4.8,4.73,4.73,4515500.0,0.0,山西高速
000755,2023-06-26,4.68,4.7,4.62,4.64,5412000.0,0.0,山西高速
000755,2023-06-27,4.69,4.81,4.66,4.8,7959500.0,0.0,山西高速
000755,2023-06-28,4.81,4.81,4.72,4.79,4577500.0,0.0,山西高速
000755,2023-06-29,4.81,4.87,4.78,4.85,6420500.0,0.0,山西高速
000755,2023-06-30,4.85,4.88,4.84,4.86,4411400.0,0.0,山西高速
000755,2023-07-03,4.88,4.95,4.85,4.94,6186000.0,0.0,山西高速
000755,2023-07-04,4.94,4.94,4.89,4.92,3735000.0,0.0,山西高速
000755,2023-07-05,4.91,4.94,4.9,4.9,3400800.0,0.0,山西高速
000755,2023-07-06,4.9,4.91,4.87,4.91,3581700.0,0.0,山西高速
000755,2023-07-07,4.88,4.98,4.88,4.96,5454300.0,0.0,山西高速
000755,2023-07-10,4.97,5.02,4.95,5.0,4663700.0,0.0,山西高速
000755,2023-07-11,4.99,5.01,4.97,5.01,3636500.0,0.0,山西高速
000755,2023-07-12,5.03,5.04,4.94,4.95,4847900.0,0.0,山西高速
000755,2023-07-13,4.95,5.01,4.95,5.01,4120200.0,0.0,山西高速
000755,2023-07-14,4.98,5.02,4.94,4.95,4553500.0,0.0,山西高速
000755,2023-07-17,4.94,4.96,4.9,4.95,5121400.0,0.0,山西高速
000755,2023-07-18,4.94,5.0,4.91,4.99,5356000.0,0.0,山西高速
000755,2023-07-19,5.0,5.0,4.95,4.99,2990700.0,0.0,山西高速
000755,2023-07-20,4.99,5.0,4.93,4.95,3582700.0,0.0,山西高速
000755,2023-07-21,4.95,5.0,4.92,5.0,4205400.0,0.0,山西高速
000755,2023-07-24,5.0,5.05,4.94,4.99,6295800.0,0.0,山西高速
000755,2023-07-25,5.04,5.25,5.0,5.1,22005300.0,0.0,山西高速
000755,2023-07-26,5.08,5.15,5.05,5.12,11725700.0,0.0,山西高速
000755,2023-07-27,5.1,5.14,5.05,5.07,7746000.0,0.0,山西高速
000755,2023-07-28,5.04,5.18,5.02,5.15,12729600.0,0.0,山西高速
000755,2023-07-31,5.14,5.21,5.13,5.18,10474400.0,0.0,山西高速
000755,2023-08-01,5.2,5.22,5.15,5.18,8422800.0,0.0,山西高速
000755,2023-08-02,5.18,5.21,5.13,5.15,5694900.0,0.0,山西高速
000755,2023-08-03,5.13,5.16,5.1,5.15,4428900.0,0.0,山西高速
000755,2023-08-04,5.16,5.2,5.11,5.12,5230600.0,0.0,山西高速
000755,2023-08-07,5.1,5.11,5.04,5.07,5840700.0,0.0,山西高速
000755,2023-08-08,5.06,5.08,5.01,5.07,4189000.0,0.0,山西高速
000755,2023-08-09,5.05,5.07,4.99,5.01,4637300.0,0.0,山西高速
000755,2023-08-10,5.01,5.09,4.97,5.09,5382300.0,0.0,山西高速
000755,2023-08-11,5.11,5.11,4.97,4.97,6534900.0,0.0,山西高速
000755,2023-08-14,4.95,5.02,4.91,5.01,4388600.0,0.0,山西高速
000755,2023-08-15,5.01,5.05,4.97,5.02,4475500.0,0.0,山西高速
000755,2023-08-16,5.01,5.04,4.97,5.0,3328800.0,0.0,山西高速
000755,2023-08-17,5.01,5.02,4.93,5.01,5616900.0,0.0,山西高速
000755,2023-08-18,5.02,5.1,4.98,4.99,7040800.0,0.0,山西高速
000755,2023-08-21,5.0,5.08,4.98,5.0,6209000.0,0.0,山西高速
000755,2023-08-22,5.0,5.02,4.87,4.93,7960400.0,0.0,山西高速
000755,2023-08-23,4.89,4.91,4.78,4.8,7159000.0,0.0,山西高速
000755,2023-08-24,4.78,4.82,4.71,4.71,5668700.0,0.0,山西高速
000755,2023-08-25,4.71,4.77,4.63,4.66,5099800.0,0.0,山西高速
000755,2023-08-28,4.84,4.91,4.78,4.8,13309100.0,0.0,山西高速
000755,2023-08-29,4.79,4.83,4.74,4.8,7948900.0,0.0,山西高速
000755,2023-08-30,4.77,4.81,4.69,4.72,8236800.0,0.0,山西高速
000755,2023-08-31,4.7,4.72,4.61,4.62,8607800.0,0.0,山西高速
000755,2023-09-01,4.61,5.04,4.61,4.76,18484700.0,0.0,山西高速
000755,2023-09-04,4.77,4.84,4.73,4.82,12561700.0,0.0,山西高速
000755,2023-09-05,4.8,4.81,4.73,4.75,6492700.0,0.0,山西高速
000755,2023-09-06,4.75,4.76,4.7,4.75,4406800.0,0.0,山西高速
000755,2023-09-07,4.73,4.76,4.68,4.69,4498700.0,0.0,山西高速
000755,2023-09-08,4.68,4.7,4.63,4.64,3913500.0,0.0,山西高速
000755,2023-09-11,4.64,4.71,4.64,4.71,4176800.0,0.0,山西高速
000755,2023-09-12,4.7,4.81,4.7,4.77,6501400.0,0.0,山西高速
000755,2023-09-13,4.79,4.81,4.72,4.73,5296100.0,0.0,山西高速
000755,2023-09-14,4.72,4.78,4.71,4.78,4472800.0,0.0,山西高速
000755,2023-09-15,4.77,4.83,4.75,4.82,6705400.0,0.0,山西高速
000755,2023-09-18,4.79,4.92,4.79,4.86,9218300.0,0.0,山西高速
000755,2023-09-19,4.84,4.94,4.83,4.91,12062300.0,0.0,山西高速
000755,2023-09-20,4.92,4.92,4.7,4.72,14228600.0,0.0,山西高速
000755,2023-09-21,4.71,4.77,4.69,4.7,5344200.0,0.0,山西高速
000755,2023-09-22,4.67,4.73,4.67,4.73,4332100.0,0.0,山西高速
000755,2023-09-25,4.71,4.76,4.68,4.69,4204700.0,0.0,山西高速
000755,2023-09-26,4.67,4.73,4.65,4.7,3506200.0,0.0,山西高速
000755,2023-09-27,4.69,4.71,4.67,4.7,3419900.0,0.0,山西高速
000755,2023-09-28,4.71,4.75,4.68,4.75,3659700.0,0.0,山西高速
000755,2023-10-09,4.75,4.78,4.72,4.77,3899500.0,0.0,山西高速
000755,2023-10-10,4.77,4.77,4.68,4.69,3827100.0,0.0,山西高速
000755,2023-10-11,4.7,4.71,4.68,4.68,2825900.0,0.0,山西高速
000755,2023-10-12,4.69,4.72,4.68,4.7,3457400.0,0.0,山西高速
000755,2023-10-13,4.68,4.7,4.65,4.66,3154700.0,0.0,山西高速
000755,2023-10-16,4.65,4.67,4.61,4.64,4034800.0,0.0,山西高速
000755,2023-10-17,4.64,4.65,4.6,4.64,3506100.0,0.0,山西高速
000755,2023-10-18,4.66,4.71,4.59,4.61,6089000.0,0.0,山西高速
000755,2023-10-19,4.58,4.63,4.53,4.53,4108400.0,0.0,山西高速
000755,2023-10-20,4.58,4.58,4.49,4.5,3079600.0,0.0,山西高速
000755,2023-10-23,4.49,4.51,4.35,4.35,5453700.0,0.0,山西高速
000755,2023-10-24,4.36,4.44,4.36,4.44,5112500.0,0.0,山西高速
000755,2023-10-25,4.47,4.63,4.47,4.61,8759000.0,0.0,山西高速
000755,2023-10-26,4.59,4.6,4.54,4.6,4485200.0,0.0,山西高速
000755,2023-10-27,4.57,4.66,4.57,4.62,4340500.0,0.0,山西高速
000755,2023-10-30,4.62,4.65,4.58,4.6,3293500.0,0.0,山西高速
000755,2023-10-31,4.61,4.63,4.57,4.62,4943500.0,0.0,山西高速
000755,2023-11-01,4.6,4.63,4.59,4.62,2438800.0,0.0,山西高速
000755,2023-11-02,4.62,4.62,4.56,4.57,3420900.0,0.0,山西高速
000755,2023-11-03,4.55,4.6,4.55,4.57,3613400.0,0.0,山西高速
000755,2023-11-06,4.59,4.64,4.58,4.62,4113900.0,0.0,山西高速
000755,2023-11-07,4.62,4.64,4.59,4.63,3935800.0,0.0,山西高速
000755,2023-11-08,4.62,4.63,4.57,4.58,3932600.0,0.0,山西高速
000755,2023-11-09,4.57,4.6,4.56,4.56,2774400.0,0.0,山西高速
000755,2023-11-10,4.55,4.62,4.51,4.61,3343800.0,0.0,山西高速
000755,2023-11-13,4.61,4.65,4.57,4.64,3803500.0,0.0,山西高速
000755,2023-11-14,4.64,4.64,4.59,4.62,3152400.0,0.0,山西高速
000755,2023-11-15,4.63,4.65,4.62,4.62,3914600.0,0.0,山西高速
000755,2023-11-16,4.6,4.64,4.6,4.61,2867500.0,0.0,山西高速
000755,2023-11-17,4.59,4.63,4.59,4.62,3602200.0,0.0,山西高速
000755,2023-11-20,4.64,4.65,4.61,4.65,3699100.0,0.0,山西高速
000755,2023-11-21,4.64,4.69,4.64,4.66,5840400.0,0.0,山西高速
000755,2023-11-22,4.66,4.72,4.64,4.65,4164000.0,0.0,山西高速
000755,2023-11-23,4.65,4.69,4.63,4.68,3266300.0,0.0,山西高速
000755,2023-11-24,4.68,4.73,4.67,4.69,5151400.0,0.0,山西高速
000755,2023-11-27,4.7,4.7,4.64,4.67,3829800.0,0.0,山西高速
000755,2023-11-28,4.67,4.7,4.64,4.69,3394800.0,0.0,山西高速
000755,2023-11-29,4.7,4.7,4.65,4.66,3210300.0,0.0,山西高速
000755,2023-11-30,4.65,4.67,4.61,4.66,3658500.0,0.0,山西高速
000755,2023-12-01,4.68,4.71,4.65,4.69,3919500.0,0.0,山西高速
000755,2023-12-04,4.69,5.16,4.69,4.93,36255300.0,0.0,山西高速
000755,2023-12-05,4.86,5.04,4.82,4.88,34141500.0,0.0,山西高速
000755,2023-12-06,4.85,4.92,4.78,4.87,18319900.0,0.0,山西高速
000755,2023-12-07,4.87,4.9,4.77,4.78,13470800.0,0.0,山西高速
000755,2023-12-08,4.77,4.85,4.75,4.84,14277600.0,0.0,山西高速
000755,2023-12-11,4.85,4.95,4.78,4.9,21350800.0,0.0,山西高速
000755,2023-12-12,4.88,4.95,4.85,4.92,13497900.0,0.0,山西高速
000755,2023-12-13,4.91,4.95,4.84,4.85,10379000.0,0.0,山西高速
000755,2023-12-14,4.84,4.91,4.83,4.86,7964800.0,0.0,山西高速
000755,2023-12-15,4.84,4.88,4.8,4.88,7375800.0,0.0,山西高速
000755,2023-12-18,4.83,4.89,4.79,4.81,7430600.0,0.0,山西高速
000755,2023-12-19,4.81,4.81,4.69,4.75,8003300.0,0.0,山西高速
000755,2023-12-20,4.76,4.79,4.7,4.71,7093400.0,0.0,山西高速
000755,2023-12-21,4.72,4.72,4.61,4.72,6826100.0,0.0,山西高速
000755,2023-12-22,4.73,4.76,4.63,4.65,7141400.0,0.0,山西高速
000755,2023-12-25,4.63,4.63,4.51,4.56,8162100.0,0.0,山西高速
000755,2023-12-26,4.56,4.58,4.47,4.48,5102500.0,0.0,山西高速
000755,2023-12-27,4.49,4.54,4.45,4.51,3907400.0,0.0,山西高速
000755,2023-12-28,4.5,4.92,4.47,4.67,20399400.0,0.0,山西高速
000755,2023-12-29,4.63,4.65,4.5,4.59,16306500.0,0.0,山西高速
000755,2024-01-02,4.56,4.67,4.55,4.64,12122200.0,0.0,山西高速
000755,2024-01-03,4.63,4.67,4.6,4.67,7832600.0,0.0,山西高速
000755,2024-01-04,4.65,4.69,4.62,4.66,5690700.0,0.0,山西高速
000755,2024-01-05,4.62,4.71,4.59,4.63,7991900.0,0.0,山西高速
000755,2024-01-08,4.63,4.63,4.53,4.54,5047400.0,0.0,山西高速
000755,2024-01-09,4.55,4.6,4.52,4.58,4792000.0,0.0,山西高速
000755,2024-01-10,4.56,4.59,4.5,4.58,4706200.0,0.0,山西高速
000755,2024-01-11,4.58,4.63,4.53,4.63,5160100.0,0.0,山西高速
000755,2024-01-12,4.63,4.82,4.61,4.72,13896800.0,0.0,山西高速
000755,2024-01-15,4.69,4.83,4.68,4.74,11381900.0,0.0,山西高速
000755,2024-01-16,4.71,4.74,4.57,4.64,10578300.0,0.0,山西高速
000755,2024-01-17,4.64,4.78,4.56,4.57,9248200.0,0.0,山西高速
000755,2024-01-18,4.52,4.56,4.32,4.46,11546400.0,0.0,山西高速
000755,2024-01-19,4.45,4.66,4.4,4.58,14658900.0,0.0,山西高速
000755,2024-01-22,4.53,4.57,4.2,4.24,10512500.0,0.0,山西高速
000755,2024-01-23,4.23,4.66,4.12,4.4,20108000.0,0.0,山西高速
000755,2024-01-24,4.39,4.46,4.2,4.37,15830000.0,0.0,山西高速
000755,2024-01-25,4.34,4.49,4.33,4.48,11911500.0,0.0,山西高速
000755,2024-01-26,4.48,4.59,4.45,4.57,10551900.0,0.0,山西高速
000755,2024-01-29,4.57,4.59,4.45,4.46,9206600.0,0.0,山西高速
000755,2024-01-30,4.45,4.46,4.26,4.28,6790200.0,0.0,山西高速
000755,2024-01-31,4.28,4.32,4.09,4.12,9273300.0,0.0,山西高速
000755,2024-02-01,4.1,4.53,4.03,4.53,23598400.0,0.0,山西高速
000755,2024-02-02,4.7,4.98,4.66,4.98,51421600.0,0.0,山西高速
000755,2024-02-05,4.98,5.0,4.48,4.51,76559000.0,0.0,山西高速
000755,2024-02-06,4.23,4.58,4.07,4.49,53577100.0,0.0,山西高速
000755,2024-02-07,4.48,4.5,4.15,4.23,37447900.0,0.0,山西高速
000755,2024-02-08,4.23,4.37,3.95,4.32,33268300.0,0.0,山西高速
000755,2024-02-19,4.34,4.5,4.24,4.43,26347000.0,0.0,山西高速
000755,2024-02-20,4.4,4.41,4.3,4.36,15130400.0,0.0,山西高速
000755,2024-02-21,4.33,4.61,4.29,4.54,27171900.0,0.0,山西高速
000755,2024-02-22,4.51,4.59,4.48,4.56,18228100.0,0.0,山西高速
000755,2024-02-23,4.57,4.6,4.5,4.57,16096700.0,0.0,山西高速
000755,2024-02-26,4.56,4.65,4.53,4.55,15075100.0,0.0,山西高速
000755,2024-02-27,4.52,4.61,4.51,4.61,12023300.0,0.0,山西高速
000755,2024-02-28,4.6,4.7,4.41,4.41,22019400.0,0.0,山西高速
000755,2024-02-29,4.33,4.54,4.33,4.52,12359900.0,0.0,山西高速
000755,2024-03-01,4.54,4.56,4.45,4.5,9457900.0,0.0,山西高速
000755,2024-03-04,4.48,4.5,4.38,4.42,9708300.0,0.0,山西高速
000755,2024-03-05,4.4,4.52,4.34,4.39,11121300.0,0.0,山西高速
000755,2024-03-06,4.37,4.44,4.36,4.4,5837200.0,0.0,山西高速
000755,2024-03-07,4.42,4.48,4.38,4.39,8194400.0,0.0,山西高速
000755,2024-03-08,4.39,4.44,4.37,4.41,4975700.0,0.0,山西高速
000755,2024-03-11,4.41,4.48,4.4,4.48,8718600.0,0.0,山西高速
000755,2024-03-12,4.47,4.51,4.43,4.5,9149700.0,0.0,山西高速
000755,2024-03-13,4.5,4.52,4.44,4.51,7603900.0,0.0,山西高速
000755,2024-03-14,4.51,4.54,4.46,4.5,7084700.0,0.0,山西高速
000755,2024-03-15,4.54,4.62,4.52,4.59,11493100.0,0.0,山西高速
000755,2024-03-18,4.6,4.63,4.56,4.61,8155800.0,0.0,山西高速
000755,2024-03-19,4.61,4.62,4.53,4.54,6746600.0,0.0,山西高速
000755,2024-03-20,4.53,4.59,4.52,4.59,5023600.0,0.0,山西高速
000755,2024-03-21,4.61,4.61,4.54,4.57,5655400.0,0.0,山西高速
000755,2024-03-22,4.57,4.59,4.49,4.51,5507500.0,0.0,山西高速
000755,2024-03-25,4.48,4.56,4.45,4.45,5792900.0,0.0,山西高速
000755,2024-03-26,4.45,4.49,4.4,4.47,4631000.0,0.0,山西高速
000755,2024-03-27,4.47,4.51,4.38,4.38,5699500.0,0.0,山西高速
000755,2024-03-28,4.4,4.45,4.36,4.41,5403600.0,0.0,山西高速
000755,2024-03-29,4.41,4.52,4.41,4.51,6252600.0,0.0,山西高速
000755,2024-04-01,4.54,4.54,4.5,4.54,4646400.0,0.0,山西高速
000755,2024-04-02,4.52,4.6,4.52,4.59,7794800.0,0.0,山西高速
000755,2024-04-03,4.6,4.64,4.57,4.63,6844300.0,0.0,山西高速
000755,2024-04-08,4.63,4.7,4.59,4.63,7406200.0,0.0,山西高速
000755,2024-04-09,4.62,4.65,4.6,4.64,4173900.0,0.0,山西高速
000755,2024-04-10,4.62,4.67,4.55,4.61,5951000.0,0.0,山西高速
000755,2024-04-11,4.56,4.67,4.55,4.67,7696900.0,0.0,山西高速
000755,2024-04-12,4.65,4.76,4.64,4.7,8883800.0,0.0,山西高速
000755,2024-04-15,4.72,5.17,4.58,4.9,26825700.0,0.0,山西高速
000755,2024-04-16,4.87,4.95,4.58,4.63,21908200.0,0.0,山西高速
000755,2024-04-17,4.59,4.79,4.59,4.77,15841100.0,0.0,山西高速
000755,2024-04-18,4.71,4.79,4.67,4.68,10230300.0,0.0,山西高速
000755,2024-04-19,4.64,4.99,4.63,4.81,13844700.0,0.0,山西高速
000755,2024-04-22,4.77,4.83,4.71,4.75,8955800.0,0.0,山西高速
000755,2024-04-23,4.71,4.84,4.71,4.84,9535400.0,0.0,山西高速
000755,2024-04-24,4.84,4.9,4.79,4.86,8979000.0,0.0,山西高速
000755,2024-04-25,4.84,4.86,4.78,4.78,7080100.0,0.0,山西高速
000755,2024-04-26,4.73,4.73,4.58,4.68,12935700.0,0.0,山西高速
000755,2024-04-29,4.66,4.77,4.62,4.75,6997900.0,0.0,山西高速
000755,2024-04-30,4.73,4.78,4.64,4.66,6151200.0,0.0,山西高速
000755,2024-05-06,4.68,4.77,4.67,4.74,8298700.0,0.0,山西高速
000755,2024-05-07,4.74,4.77,4.68,4.71,5358500.0,0.0,山西高速
000755,2024-05-08,4.7,4.71,4.61,4.62,7571600.0,0.0,山西高速
000755,2024-05-09,4.62,4.68,4.61,4.64,6393800.0,0.0,山西高速
000755,2024-05-10,4.63,4.65,4.59,4.61,5034300.0,0.0,山西高速
000755,2024-05-13,4.62,4.73,4.55,4.69,10116200.0,0.0,山西高速
000755,2024-05-14,4.66,4.76,4.65,4.71,8321400.0,0.0,山西高速
000755,2024-05-15,4.69,4.71,4.61,4.62,5487600.0,0.0,山西高速
000755,2024-05-16,4.6,4.64,4.57,4.59,4550000.0,0.0,山西高速
000755,2024-05-17,4.6,4.64,4.58,4.64,2744800.0,0.0,山西高速
000755,2024-05-20,4.63,4.7,4.63,4.68,6395300.0,0.0,山西高速
000755,2024-05-21,4.68,4.68,4.62,4.64,3515000.0,0.0,山西高速
000755,2024-05-22,4.63,4.71,4.63,4.65,4917800.0,0.0,山西高速
000755,2024-05-23,4.65,4.65,4.47,4.48,8490000.0,0.0,山西高速
000755,2024-05-24,4.46,4.52,4.44,4.44,4458200.0,0.0,山西高速
000755,2024-05-27,4.46,4.5,4.42,4.46,4054700.0,0.0,山西高速
000755,2024-05-28,4.45,4.48,4.42,4.44,3124900.0,0.0,山西高速
000755,2024-05-29,4.42,4.46,4.41,4.43,2762800.0,0.0,山西高速
000755,2024-05-30,4.43,4.45,4.38,4.39,2764400.0,0.0,山西高速
000755,2024-05-31,4.4,4.44,4.39,4.42,2044600.0,0.0,山西高速
000755,2024-06-03,4.42,4.42,4.29,4.32,4281100.0,0.0,山西高速
000755,2024-06-04,4.31,4.39,4.26,4.38,4356500.0,0.0,山西高速
000755,2024-06-05,4.39,4.39,4.26,4.27,3072800.0,0.0,山西高速
000755,2024-06-06,4.24,4.27,4.12,4.17,5470400.0,0.0,山西高速
000755,2024-06-07,4.19,4.35,4.19,4.32,6038500.0,0.0,山西高速
000755,2024-06-11,4.32,4.32,4.18,4.23,4216700.0,0.0,山西高速
000755,2024-06-12,4.23,4.26,4.22,4.25,2807600.0,0.0,山西高速
000755,2024-06-13,4.26,4.26,4.17,4.19,2937600.0,0.0,山西高速
000755,2024-06-14,4.18,4.23,4.16,4.21,2176500.0,0.0,山西高速
000755,2024-06-17,4.21,4.23,4.17,4.2,1685100.0,0.0,山西高速
000755,2024-06-18,4.21,4.25,4.18,4.25,2179900.0,0.0,山西高速
000755,2024-06-19,4.25,4.26,4.2,4.22,2133200.0,0.0,山西高速
000755,2024-06-20,4.22,4.24,4.15,4.15,2441800.0,0.0,山西高速
000755,2024-06-21,4.15,4.2,4.12,4.18,2005900.0,0.0,山西高速
000755,2024-06-24,4.16,4.18,4.03,4.11,4045600.0,0.0,山西高速
000755,2024-06-25,4.1,4.2,4.09,4.16,3043900.0,0.0,山西高速
000755,2024-06-26,4.13,4.2,4.12,4.2,2400800.0,0.0,山西高速
000755,2024-06-27,4.2,4.21,4.15,4.16,1989500.0,0.0,山西高速
000755,2024-06-28,4.16,4.21,4.15,4.18,2131200.0,0.0,山西高速
000755,2024-07-01,4.18,4.24,4.17,4.23,2026100.0,0.0,山西高速
000755,2024-07-02,4.21,4.31,4.21,4.28,3055100.0,0.0,山西高速
000755,2024-07-03,4.27,4.31,4.26,4.26,1748300.0,0.0,山西高速
000755,2024-07-04,4.26,4.28,4.18,4.18,2823100.0,0.0,山西高速
000755,2024-07-05,4.17,4.22,4.16,4.2,1951800.0,0.0,山西高速
000755,2024-07-08,4.16,4.21,4.08,4.1,2294600.0,0.0,山西高速
000755,2024-07-09,4.12,4.14,4.0,4.1,3717200.0,0.0,山西高速
000755,2024-07-10,4.1,4.13,4.05,4.06,2334300.0,0.0,山西高速
000755,2024-07-11,4.13,4.2,4.11,4.19,4047800.0,0.0,山西高速
000755,2024-07-12,4.17,4.21,4.16,4.18,1801600.0,0.0,山西高速
000755,2024-07-15,4.18,4.19,4.11,4.13,1646900.0,0.0,山西高速
000755,2024-07-16,4.12,4.15,4.09,4.11,1306200.0,0.0,山西高速
000755,2024-07-17,4.12,4.15,4.09,4.11,1749700.0,0.0,山西高速
000755,2024-07-18,4.1,4.18,4.06,4.17,3398600.0,0.0,山西高速
000755,2024-07-19,4.17,4.18,4.1,4.12,2059900.0,0.0,山西高速
000755,2024-07-22,4.12,4.14,4.1,4.12,1967800.0,0.0,山西高速
000755,2024-07-23,4.12,4.21,4.11,4.13,2617600.0,0.0,山西高速
000755,2024-07-24,4.11,4.15,4.04,4.09,3017600.0,0.0,山西高速
000755,2024-07-25,4.09,4.25,4.06,4.19,6198400.0,0.0,山西高速
000755,2024-07-26,4.19,4.22,4.14,4.19,3498100.0,0.0,山西高速
000755,2024-07-29,4.2,4.24,4.16,4.21,3456400.0,0.0,山西高速
000755,2024-07-30,4.23,4.24,4.19,4.21,2267500.0,0.0,山西高速
000755,2024-07-31,4.19,4.29,4.19,4.28,4925000.0,0.0,山西高速
000755,2024-08-01,4.28,4.3,4.25,4.28,3547000.0,0.0,山西高速
000755,2024-08-02,4.28,4.29,4.23,4.24,3016800.0,0.0,山西高速
000755,2024-08-05,4.24,4.28,4.15,4.15,4781400.0,0.0,山西高速
000755,2024-08-06,4.17,4.19,4.12,4.16,2781700.0,0.0,山西高速
000755,2024-08-07,4.17,4.17,4.12,4.14,1784700.0,0.0,山西高速
000755,2024-08-08,4.13,4.16,4.08,4.14,2392200.0,0.0,山西高速
000755,2024-08-09,4.14,4.16,4.11,4.11,1875800.0,0.0,山西高速
000755,2024-08-12,4.1,4.11,4.08,4.08,1565000.0,0.0,山西高速
000755,2024-08-13,4.07,4.12,4.04,4.12,1487100.0,0.0,山西高速
000755,2024-08-14,4.12,4.13,4.09,4.09,1339800.0,0.0,山西高速
000755,2024-08-15,4.09,4.13,4.06,4.11,1553300.0,0.0,山西高速
000755,2024-08-16,4.12,4.14,4.08,4.09,2367000.0,0.0,山西高速
000755,2024-08-19,4.12,4.15,4.08,4.13,2359200.0,0.0,山西高速
000755,2024-08-20,4.14,4.54,4.12,4.54,22655900.0,0.0,山西高速
000755,2024-08-21,4.99,4.99,4.65,4.86,76277800.0,0.0,山西高速
000755,2024-08-22,4.71,5.35,4.58,5.35,64778700.0,0.0,山西高速
000755,2024-08-23,5.67,5.89,5.43,5.89,109714400.0,0.0,山西高速
000755,2024-08-26,6.06,6.19,5.3,5.3,114021600.0,0.0,山西高速
000755,2024-08-27,4.78,4.93,4.77,4.77,70414300.0,0.0,山西高速
000755,2024-08-28,4.6,4.66,4.38,4.39,69652000.0,0.0,山西高速
000755,2024-08-29,4.36,4.37,4.22,4.3,51649900.0,0.0,山西高速
000755,2024-08-30,4.3,4.41,4.27,4.35,51879200.0,0.0,山西高速
000755,2024-09-02,4.31,4.41,4.24,4.25,34636500.0,0.0,山西高速
000755,2024-09-03,4.21,4.29,4.2,4.23,26861800.0,0.0,山西高速
000755,2024-09-04,4.2,4.21,4.15,4.17,21851800.0,0.0,山西高速
000755,2024-09-05,4.16,4.22,4.16,4.21,17171500.0,0.0,山西高速
000755,2024-09-06,4.2,4.29,4.17,4.18,23815900.0,0.0,山西高速
000755,2024-09-09,4.18,4.31,4.11,4.27,34330600.0,0.0,山西高速
000755,2024-09-10,4.31,4.31,4.15,4.2,24327300.0,0.0,山西高速
000755,2024-09-11,4.16,4.18,4.12,4.14,13667800.0,0.0,山西高速
000755,2024-09-12,4.14,4.17,4.09,4.09,13773600.0,0.0,山西高速
000755,2024-09-13,4.08,4.1,4.05,4.09,14541300.0,0.0,山西高速
000755,2024-09-18,4.09,4.1,3.97,4.02,14433400.0,0.0,山西高速
000755,2024-09-19,4.03,4.1,4.0,4.08,17096100.0,0.0,山西高速
000755,2024-09-20,4.08,4.08,4.03,4.06,10371900.0,0.0,山西高速
000755,2024-09-23,4.03,4.08,4.02,4.05,8821700.0,0.0,山西高速
000755,2024-09-24,4.06,4.19,4.06,4.18,20581700.0,0.0,山西高速
000755,2024-09-25,4.2,4.31,4.2,4.21,26984700.0,0.0,山西高速
000755,2024-09-26,4.21,4.34,4.17,4.33,23763900.0,0.0,山西高速
000755,2024-09-27,4.38,4.51,4.33,4.48,32931900.0,0.0,山西高速
000755,2024-09-30,4.62,4.91,4.04,4.84,55815300.0,0.0,山西高速
000755,2024-10-08,5.3,5.3,4.78,5.02,55618200.0,0.0,山西高速
000755,2024-10-09,4.87,4.87,4.52,4.52,36132900.0,0.0,山西高速
000755,2024-10-10,4.52,4.72,4.49,4.63,27271100.0,0.0,山西高速
000755,2024-10-11,4.6,4.62,4.47,4.49,15936700.0,0.0,山西高速
000755,2024-10-14,4.49,4.7,4.49,4.69,19806100.0,0.0,山西高速
000755,2024-10-15,4.68,4.69,4.58,4.59,13323400.0,0.0,山西高速
000755,2024-10-16,4.55,4.8,4.52,4.66,17901000.0,0.0,山西高速
000755,2024-10-17,4.64,4.7,4.58,4.6,13537800.0,0.0,山西高速
000755,2024-10-18,4.55,4.67,4.51,4.6,18885000.0,0.0,山西高速
000755,2024-10-21,4.6,4.63,4.56,4.6,15302200.0,0.0,山西高速
000755,2024-10-22,4.6,4.71,4.58,4.71,16063000.0,0.0,山西高速
000755,2024-10-23,4.72,4.74,4.67,4.71,13122500.0,0.0,山西高速
000755,2024-10-24,4.68,4.73,4.65,4.7,8614900.0,0.0,山西高速
000755,2024-10-25,4.68,4.74,4.66,4.7,15795100.0,0.0,山西高速
000755,2024-10-28,4.71,4.85,4.69,4.85,18126900.0,0.0,山西高速
000755,2024-10-29,4.85,4.85,4.69,4.72,16222700.0,0.0,山西高速
000755,2024-10-30,4.71,4.76,4.64,4.7,13262600.0,0.0,山西高速
000755,2024-10-31,4.72,4.8,4.7,4.79,15883300.0,0.0,山西高速
000755,2024-11-01,4.8,4.83,4.63,4.7,15151300.0,0.0,山西高速
000755,2024-11-04,4.72,4.74,4.67,4.73,10589000.0,0.0,山西高速
000755,2024-11-05,4.72,4.82,4.72,4.81,14831000.0,0.0,山西高速
000755,2024-11-06,4.81,4.86,4.78,4.85,17299300.0,0.0,山西高速
000755,2024-11-07,4.86,5.03,4.83,5.02,23902000.0,0.0,山西高速
000755,2024-11-08,5.02,5.07,4.9,4.92,20360900.0,0.0,山西高速
000755,2024-11-11,4.92,4.99,4.9,4.96,12750800.0,0.0,山西高速
000755,2024-11-12,4.95,5.03,4.89,4.93,18315400.0,0.0,山西高速
000755,2024-11-13,4.93,4.98,4.86,4.92,10541400.0,0.0,山西高速
000755,2024-11-14,4.92,4.95,4.84,4.86,11309700.0,0.0,山西高速
000755,2024-11-15,4.85,4.93,4.8,4.81,13110700.0,0.0,山西高速
000755,2024-11-18,4.82,4.91,4.8,4.86,15122200.0,0.0,山西高速
000755,2024-11-19,4.88,4.95,4.84,4.95,14135300.0,0.0,山西高速
000755,2024-11-20,4.94,4.98,4.92,4.96,12192700.0,0.0,山西高速
000755,2024-11-21,4.93,4.98,4.88,4.92,10988900.0,0.0,山西高速
000755,2024-11-22,4.92,4.99,4.76,4.78,15678200.0,0.0,山西高速
000755,2024-11-25,4.78,4.87,4.72,4.84,12377600.0,0.0,山西高速
000755,2024-11-26,4.85,4.91,4.81,4.83,9746900.0,0.0,山西高速
000755,2024-11-27,4.8,4.82,4.65,4.81,12862700.0,0.0,山西高速
000755,2024-11-28,4.81,4.87,4.79,4.82,10104000.0,0.0,山西高速
000755,2024-11-29,4.83,4.88,4.81,4.86,9985900.0,0.0,山西高速
000755,2024-12-02,4.86,4.98,4.86,4.95,11567900.0,0.0,山西高速
000755,2024-12-03,4.99,5.12,4.98,5.03,17183300.0,0.0,山西高速
000755,2024-12-04,5.03,5.05,4.91,4.93,10571400.0,0.0,山西高速
000755,2024-12-05,4.94,4.97,4.87,4.9,9218100.0,0.0,山西高速
000755,2024-12-06,4.9,4.97,4.88,4.96,10747900.0,0.0,山西高速
000755,2024-12-09,4.96,5.01,4.91,4.95,8776300.0,0.0,山西高速
000755,2024-12-10,5.03,5.06,4.93,4.94,15374000.0,0.0,山西高速
000755,2024-12-11,4.93,5.02,4.92,5.01,9640600.0,0.0,山西高速
000755,2024-12-12,5.02,5.1,4.99,5.1,14584100.0,0.0,山西高速
000755,2024-12-13,5.1,5.36,4.99,5.18,39928000.0,0.0,山西高速
000755,2024-12-16,5.21,5.33,5.13,5.19,32837700.0,0.0,山西高速
000755,2024-12-17,5.2,5.28,4.97,5.0,21539700.0,0.0,山西高速
000755,2024-12-18,5.02,5.07,4.97,4.99,11170300.0,0.0,山西高速
000755,2024-12-19,5.01,5.02,4.88,4.94,9519200.0,0.0,山西高速
000755,2024-12-20,4.91,5.09,4.91,4.98,10282400.0,0.0,山西高速
000755,2024-12-23,4.98,5.01,4.79,4.79,11203600.0,0.0,山西高速
000755,2024-12-24,4.86,5.27,4.84,5.27,30110500.0,0.0,山西高速
000755,2024-12-25,5.35,5.8,5.27,5.45,89590600.0,0.0,山西高速
000755,2024-12-26,5.41,5.76,5.22,5.55,65590800.0,0.0,山西高速
000755,2024-12-27,5.47,5.52,5.29,5.34,46061000.0,0.0,山西高速
000755,2024-12-30,5.31,5.35,5.14,5.19,33611800.0,0.0,山西高速
000755,2024-12-31,5.22,5.29,5.05,5.06,35488800.0,0.0,山西高速
000755,2025-01-02,5.07,5.2,4.95,5.01,28257900.0,0.0,山西高速
000755,2025-01-03,4.96,5.01,4.63,4.67,33160100.0,0.0,山西高速
000755,2025-01-06,4.61,4.79,4.53,4.74,18434000.0,0.0,山西高速
000755,2025-01-07,4.71,4.78,4.68,4.76,11673300.0,0.0,山西高速
000755,2025-01-08,4.72,4.76,4.57,4.73,15192700.0,0.0,山西高速
000755,2025-01-09,4.68,4.69,4.6,4.61,14216500.0,0.0,山西高速
000755,2025-01-10,4.59,4.68,4.55,4.58,14982700.0,0.0,山西高速
000755,2025-01-13,4.54,4.68,4.51,4.64,11155800.0,0.0,山西高速
000755,2025-01-14,4.66,4.75,4.64,4.74,13634600.0,0.0,山西高速
000755,2025-01-15,4.71,4.73,4.67,4.68,9584700.0,0.0,山西高速
000755,2025-01-16,4.67,4.75,4.67,4.69,10611800.0,0.0,山西高速
000755,2025-01-17,4.67,4.76,4.63,4.72,12468200.0,0.0,山西高速
000755,2025-01-20,4.75,4.77,4.7,4.76,7728700.0,0.0,山西高速
000755,2025-01-21,4.76,4.78,4.68,4.7,7562100.0,0.0,山西高速
000755,2025-01-22,4.68,4.74,4.65,4.71,6777300.0,0.0,山西高速
000755,2025-01-23,4.74,4.83,4.72,4.74,9693700.0,0.0,山西高速
000755,2025-01-24,4.72,4.75,4.68,4.72,8397200.0,0.0,山西高速
000755,2025-01-27,4.74,4.83,4.72,4.77,10297500.0,0.0,山西高速
000755,2025-02-05,4.77,4.8,4.65,4.68,10946100.0,0.0,山西高速
000755,2025-02-06,4.67,4.71,4.62,4.71,9934300.0,0.0,山西高速
000755,2025-02-07,4.69,4.78,4.68,4.74,12316200.0,0.0,山西高速
000755,2025-02-10,4.73,4.83,4.72,4.81,14070700.0,0.0,山西高速
000755,2025-02-11,4.8,5.02,4.77,4.9,28625000.0,0.0,山西高速
000755,2025-02-12,4.89,4.93,4.82,4.89,11402900.0,0.0,山西高速
000755,2025-02-13,4.88,4.9,4.85,4.87,9881500.0,0.0,山西高速
000755,2025-02-14,4.86,4.89,4.79,4.83,10850900.0,0.0,山西高速
000755,2025-02-17,4.81,4.95,4.79,4.88,12061100.0,0.0,山西高速
000755,2025-02-18,4.88,5.0,4.82,4.83,13861600.0,0.0,山西高速
000755,2025-02-19,4.83,4.89,4.81,4.88,7111400.0,0.0,山西高速
000755,2025-02-20,4.88,4.89,4.82,4.83,6988600.0,0.0,山西高速
000755,2025-02-21,4.83,4.84,4.74,4.76,11684600.0,0.0,山西高速
000755,2025-02-24,4.75,4.8,4.72,4.8,7929000.0,0.0,山西高速
000755,2025-02-25,4.76,4.82,4.73,4.76,7073900.0,0.0,山西高速
000755,2025-02-26,4.76,4.8,4.75,4.77,7156000.0,0.0,山西高速
000755,2025-02-27,4.77,4.79,4.69,4.74,7673000.0,0.0,山西高速
000755,2025-02-28,4.71,4.75,4.67,4.67,7296700.0,0.0,山西高速
000755,2025-03-03,4.66,4.76,4.65,4.71,8382800.0,0.0,山西高速
000755,2025-03-04,4.69,4.77,4.68,4.72,5306400.0,0.0,山西高速
000755,2025-03-05,4.71,4.72,4.62,4.67,6578800.0,0.0,山西高速
000755,2025-03-06,4.67,4.69,4.65,4.69,5489400.0,0.0,山西高速
000755,2025-03-07,4.67,4.72,4.66,4.67,5764100.0,0.0,山西高速
000755,2025-03-10,4.67,4.7,4.64,4.67,4224200.0,0.0,山西高速
000755,2025-03-11,4.65,4.69,4.62,4.69,5028300.0,0.0,山西高速
000755,2025-03-12,4.69,4.72,4.68,4.72,5132000.0,0.0,山西高速
000755,2025-03-13,4.73,4.74,4.65,4.69,5132100.0,0.0,山西高速
000755,2025-03-14,4.7,4.75,4.68,4.75,7387300.0,0.0,山西高速
000755,2025-03-17,4.78,4.91,4.75,4.84,13690300.0,0.0,山西高速
000755,2025-03-18,4.84,4.86,4.79,4.85,6178700.0,0.0,山西高速
000755,2025-03-19,4.85,4.87,4.82,4.84,5246500.0,0.0,山西高速
000755,2025-03-20,4.83,4.88,4.82,4.84,6114500.0,0.0,山西高速
000755,2025-03-21,4.81,4.9,4.81,4.88,9948000.0,0.0,山西高速
000755,2025-03-24,4.88,4.89,4.76,4.85,8569100.0,0.0,山西高速
000755,2025-03-25,4.85,4.94,4.83,4.94,11832300.0,0.0,山西高速
000755,2025-03-26,4.93,5.0,4.88,4.99,11787300.0,0.0,山西高速
000755,2025-03-27,4.99,4.99,4.88,4.9,8026700.0,0.0,山西高速
000755,2025-03-28,4.88,4.92,4.82,4.86,7264800.0,0.0,山西高速
000755,2025-03-31,4.82,4.87,4.73,4.76,8015500.0,0.0,山西高速
000755,2025-04-01,4.76,4.92,4.75,4.91,10659100.0,0.0,山西高速
000755,2025-04-02,4.9,4.95,4.86,4.87,6805200.0,0.0,山西高速
000755,2025-04-03,4.83,5.03,4.75,4.98,15430600.0,0.0,山西高速
000755,2025-04-07,4.86,4.88,4.48,4.48,17254300.0,0.0,山西高速
000755,2025-04-08,4.45,4.71,4.43,4.57,17824800.0,0.0,山西高速
000755,2025-04-09,4.5,4.71,4.32,4.69,16133800.0,0.0,山西高速
000755,2025-04-10,4.7,4.83,4.7,4.76,11015600.0,0.0,山西高速
000755,2025-04-11,4.75,4.81,4.71,4.73,8321000.0,0.0,山西高速
000755,2025-04-14,4.73,4.82,4.7,4.82,7464800.0,0.0,山西高速
000755,2025-04-15,4.82,4.89,4.75,4.79,8103800.0,0.0,山西高速
000755,2025-04-16,4.8,4.88,4.75,4.86,13082300.0,0.0,山西高速
000755,2025-04-17,4.84,5.04,4.84,4.91,13440000.0,0.0,山西高速
000755,2025-04-18,4.91,4.94,4.84,4.9,8152300.0,0.0,山西高速
000755,2025-04-21,4.85,4.93,4.85,4.89,6855500.0,0.0,山西高速
000755,2025-04-22,4.89,4.99,4.89,4.98,11649100.0,0.0,山西高速
000755,2025-04-23,4.97,5.0,4.93,4.95,8959900.0,0.0,山西高速
000755,2025-04-24,4.95,5.01,4.92,4.97,8902300.0,0.0,山西高速
000755,2025-04-25,5.0,5.1,4.95,5.08,15454000.0,0.0,山西高速
000755,2025-04-28,5.1,5.22,5.06,5.08,14999300.0,0.0,山西高速
000755,2025-04-29,5.06,5.19,5.06,5.11,14366500.0,0.0,山西高速
000755,2025-04-30,5.1,5.12,5.0,5.0,11178200.0,0.0,山西高速
000755,2025-05-06,5.03,5.17,5.03,5.14,11320100.0,0.0,山西高速
000755,2025-05-07,5.16,5.19,5.12,5.17,10496900.0,0.0,山西高速
000755,2025-05-08,5.17,5.21,5.11,5.13,7612400.0,0.0,山西高速
000755,2025-05-09,5.13,5.19,5.1,5.16,8428500.0,0.0,山西高速
000755,2025-05-12,5.18,5.19,5.06,5.09,8627800.0,0.0,山西高速
000755,2025-05-13,5.11,5.12,5.03,5.08,7242000.0,0.0,山西高速
000755,2025-05-14,5.09,5.11,5.03,5.09,6999400.0,0.0,山西高速
000755,2025-05-15,5.08,5.11,5.01,5.04,6904300.0,0.0,山西高速
000755,2025-05-16,5.02,5.06,4.94,4.97,10490500.0,0.0,山西高速
000755,2025-05-19,4.97,5.1,4.97,5.08,9412600.0,0.0,山西高速
000755,2025-05-20,5.05,5.1,5.03,5.06,5100200.0,0.0,山西高速
000755,2025-05-21,5.06,5.12,5.04,5.09,6192200.0,0.0,山西高速
000755,2025-05-22,5.07,5.09,5.0,5.05,6793900.0,0.0,山西高速
000755,2025-05-23,5.03,5.06,4.93,4.94,9495600.0,0.0,山西高速
000755,2025-05-26,4.94,4.97,4.9,4.95,6316200.0,0.0,山西高速
000755,2025-05-27,4.93,4.98,4.92,4.97,4734500.0,0.0,山西高速
000755,2025-05-28,4.99,5.0,4.94,4.97,4907500.0,0.0,山西高速
000755,2025-05-29,4.96,5.04,4.96,5.04,5309600.0,0.0,山西高速
000755,2025-05-30,5.04,5.08,5.01,5.07,5495600.0,0.0,山西高速
000755,2025-06-03,5.07,5.1,5.04,5.09,5558200.0,0.0,山西高速
000755,2025-06-04,5.12,5.12,5.03,5.06,5647400.0,0.0,山西高速
000755,2025-06-05,5.06,5.08,5.01,5.03,5351300.0,0.0,山西高速
000755,2025-06-06,5.03,5.07,5.0,5.07,5685500.0,0.0,山西高速
000755,2025-06-09,5.08,5.08,5.01,5.04,6426400.0,0.0,山西高速
000755,2025-06-10,5.05,5.08,4.98,5.02,10438100.0,0.0,山西高速
000755,2025-06-11,5.03,5.11,5.03,5.09,8000400.0,0.0,山西高速
000755,2025-06-12,5.08,5.15,5.06,5.12,7376100.0,0.0,山西高速
000755,2025-06-13,5.12,5.13,5.07,5.08,6851900.0,0.0,山西高速
000755,2025-06-16,5.09,5.21,5.06,5.18,11677300.0,0.0,山西高速
000755,2025-06-17,5.19,5.22,5.15,5.21,9045500.0,0.0,山西高速
000755,2025-06-18,5.19,5.21,5.12,5.17,7784900.0,0.0,山西高速
000755,2025-06-19,4.97,4.99,4.84,4.87,9886200.0,0.0,山西高速
000755,2025-06-20,4.89,4.92,4.83,4.89,7965100.0,0.0,山西高速
000755,2025-06-23,4.88,5.0,4.87,4.99,14048300.0,0.0,山西高速
000755,2025-06-24,4.99,5.04,4.95,4.96,10240500.0,0.0,山西高速
000755,2025-06-25,4.96,4.98,4.89,4.94,8968700.0,0.0,山西高速
000755,2025-06-26,4.94,4.96,4.91,4.92,6850700.0,0.0,山西高速
000755,2025-06-27,4.93,4.98,4.91,4.93,7254100.0,0.0,山西高速
000755,2025-06-30,4.94,4.94,4.85,4.87,8582500.0,0.0,山西高速
000755,2025-07-01,4.87,4.92,4.86,4.91,6410200.0,0.0,山西高速
000755,2025-07-02,4.9,4.96,4.88,4.96,8656400.0,0.0,山西高速
000755,2025-07-03,4.96,4.97,4.94,4.97,5953900.0,0.0,山西高速
000755,2025-07-04,4.96,5.0,4.93,4.96,7005300.0,0.0,山西高速
000755,2025-07-07,4.95,5.0,4.93,5.0,7510200.0,0.0,山西高速
000755,2025-07-08,5.01,5.03,4.97,5.02,6536500.0,0.0,山西高速
000755,2025-07-09,5.03,5.1,5.0,5.07,9033400.0,0.0,山西高速
000755,2025-07-10,5.07,5.13,5.06,5.12,8013100.0,0.0,山西高速
000755,2025-07-11,5.12,5.14,5.07,5.09,6763200.0,0.0,山西高速
000755,2025-07-14,5.08,5.16,5.06,5.13,6091600.0,0.0,山西高速
000755,2025-07-15,5.15,5.16,5.04,5.09,6957900.0,0.0,山西高速
000755,2025-07-16,5.08,5.11,5.05,5.1,5556200.0,0.0,山西高速
000755,2025-07-17,5.09,5.13,5.05,5.06,6298800.0,0.0,山西高速
000755,2025-07-18,5.07,5.09,5.03,5.05,7244900.0,0.0,山西高速
000755,2025-07-21,5.04,5.15,5.04,5.15,7956600.0,0.0,山西高速
000755,2025-07-22,5.15,5.22,5.11,5.21,7711100.0,0.0,山西高速
000755,2025-07-23,5.36,5.37,5.17,5.19,13379900.0,0.0,山西高速
000755,2025-07-24,5.18,5.22,5.15,5.2,7903100.0,0.0,山西高速
000755,2025-07-25,5.23,5.23,5.12,5.12,7192700.0,0.0,山西高速
000755,2025-07-28,5.14,5.17,5.03,5.07,8880400.0,0.0,山西高速
000755,2025-07-29,5.09,5.09,4.98,5.02,7590700.0,0.0,山西高速
000755,2025-07-30,5.02,5.05,4.99,5.02,7412100.0,0.0,山西高速
000755,2025-07-31,5.02,5.03,4.9,4.92,8986500.0,0.0,山西高速
000755,2025-08-01,4.93,4.97,4.91,4.97,6448400.0,0.0,山西高速
000755,2025-08-04,4.98,4.99,4.93,4.98,4823300.0,0.0,山西高速
000755,2025-08-05,4.98,5.02,4.98,5.01,5830900.0,0.0,山西高速
000755,2025-08-06,4.99,5.02,4.96,4.99,6093400.0,0.0,山西高速
000755,2025-08-07,5.01,5.02,4.97,4.99,5758700.0,0.0,山西高速
000755,2025-08-08,4.99,5.0,4.96,5.0,5600600.0,0.0,山西高速
000755,2025-08-11,5.01,5.03,4.97,5.02,6572200.0,0.0,山西高速
000755,2025-08-12,5.02,5.07,5.01,5.04,7185300.0,0.0,山西高速
000755,2025-08-13,5.05,5.05,4.97,4.99,7747700.0,0.0,山西高速
000755,2025-08-14,5.0,5.01,4.91,4.92,7246300.0,0.0,山西高速
000755,2025-08-15,4.91,4.95,4.9,4.93,7521800.0,0.0,山西高速
000755,2025-08-18,4.94,4.98,4.91,4.92,9981700.0,0.0,山西高速
000755,2025-08-19,4.92,4.95,4.9,4.94,7848100.0,0.0,山西高速
000755,2025-08-20,4.94,4.96,4.91,4.95,7251500.0,0.0,山西高速
000755,2025-08-21,4.98,5.01,4.95,4.98,9043300.0,0.0,山西高速
000755,2025-08-22,4.96,4.99,4.92,4.98,8020700.0,0.0,山西高速
000755,2025-08-25,4.99,5.02,4.96,5.0,8573800.0,0.0,山西高速
000755,2025-08-26,5.0,5.08,4.97,5.06,10395100.0,0.0,山西高速
000755,2025-08-27,5.09,5.12,4.96,4.98,13269000.0,0.0,山西高速
000755,2025-08-28,4.96,4.97,4.8,4.92,15833800.0,0.0,山西高速
000755,2025-08-29,4.93,4.98,4.89,4.9,8898300.0,0.0,山西高速
000755,2025-09-01,4.89,4.92,4.81,4.87,8410100.0,0.0,山西高速
000755,2025-09-02,4.87,4.88,4.82,4.86,7573600.0,0.0,山西高速
000755,2025-09-03,4.87,4.89,4.81,4.87,8372000.0,0.0,山西高速
000755,2025-09-04,4.87,4.88,4.78,4.85,8464900.0,0.0,山西高速
000755,2025-09-05,4.86,4.89,4.83,4.89,6219000.0,0.0,山西高速
000755,2025-09-08,4.9,4.92,4.86,4.92,4836700.0,0.0,山西高速
000755,2025-09-09,4.93,4.93,4.87,4.91,4994300.0,0.0,山西高速
000755,2025-09-10,4.91,4.92,4.88,4.91,4908500.0,0.0,山西高速
000755,2025-09-11,4.91,4.91,4.86,4.9,6176200.0,0.0,山西高速
000755,2025-09-12,4.9,4.95,4.88,4.89,8362000.0,0.0,山西高速
000755,2025-09-15,4.9,4.9,4.85,4.88,6432300.0,0.0,山西高速
000755,2025-09-16,4.88,4.95,4.86,4.95,7096300.0,0.0,山西高速
000755,2025-09-17,4.94,4.99,4.91,4.97,7194200.0,0.0,山西高速
000755,2025-09-18,4.97,4.97,4.85,4.87,9522800.0,0.0,山西高速
000755,2025-09-19,4.88,4.92,4.82,4.9,5841600.0,0.0,山西高速
000755,2025-09-22,4.89,4.92,4.84,4.87,4436600.0,0.0,山西高速
000755,2025-09-23,4.87,4.88,4.79,4.86,6967400.0,0.0,山西高速
000755,2025-09-24,4.87,4.93,4.84,4.9,5010800.0,0.0,山西高速
000755,2025-09-25,4.9,4.91,4.81,4.84,5002800.0,0.0,山西高速
000755,2025-09-26,4.82,4.85,4.8,4.82,3436100.0,0.0,山西高速
000755,2025-09-29,4.82,4.84,4.76,4.83,4408500.0,0.0,山西高速
000755,2025-09-30,4.84,4.85,4.8,4.83,4608500.0,0.0,山西高速
000755,2025-10-09,4.84,4.84,4.8,4.83,3615000.0,0.0,山西高速
000755,2025-10-10,4.81,4.91,4.81,4.91,6496100.0,0.0,山西高速
000755,2025-10-13,4.81,4.92,4.79,4.91,5833300.0,0.0,山西高速
000755,2025-10-14,4.92,5.0,4.9,4.99,10885000.0,0.0,山西高速
000755,2025-10-15,5.01,5.03,4.96,4.97,4797000.0,0.0,山西高速
000755,2025-10-16,4.99,5.03,4.96,5.0,7126500.0,0.0,山西高速
000755,2025-10-17,5.0,5.02,4.95,4.96,5877800.0,0.0,山西高速
000755,2025-10-20,4.98,5.02,4.93,5.02,5727100.0,0.0,山西高速
000755,2025-10-21,5.03,5.08,5.0,5.06,8045600.0,0.0,山西高速
000755,2025-10-22,5.06,5.13,5.06,5.09,8603000.0,0.0,山西高速
000755,2025-10-23,5.08,5.17,5.08,5.16,9222800.0,0.0,山西高速
000755,2025-10-24,5.32,5.32,5.09,5.12,14183200.0,0.0,山西高速
000755,2025-10-27,5.16,5.18,5.07,5.11,8625800.0,0.0,山西高速
000755,2025-10-28,5.1,5.44,5.1,5.33,21259200.0,0.0,山西高速
000755,2025-10-29,5.32,5.32,5.16,5.24,10237900.0,0.0,山西高速
000755,2025-10-30,5.29,5.3,5.18,5.2,6567600.0,0.0,山西高速
000755,2025-10-31,5.2,5.25,5.15,5.18,7418100.0,0.0,山西高速
000755,2025-11-03,5.19,5.32,5.19,5.29,8277100.0,0.0,山西高速
000755,2025-11-04,5.28,5.43,5.22,5.37,9133600.0,0.0,山西高速
000755,2025-11-05,5.37,5.91,5.32,5.91,34345500.0,0.0,山西高速
000755,2025-11-06,6.0,6.5,5.69,6.24,92464000.0,0.0,山西高速
000755,2025-11-07,6.01,6.09,5.78,5.83,57962000.0,0.0,山西高速
000755,2025-11-10,5.76,5.87,5.66,5.76,41544800.0,0.0,山西高速
000755,2025-11-11,5.76,5.88,5.7,5.77,40475300.0,0.0,山西高速
000755,2025-11-12,5.75,5.89,5.72,5.75,25473600.0,0.0,山西高速
000755,2025-11-13,5.66,5.78,5.6,5.72,21843200.0,0.0,山西高速
000755,2025-11-14,5.73,5.82,5.69,5.73,16488000.0,0.0,山西高速
000755,2025-11-17,5.68,5.82,5.68,5.75,16539100.0,0.0,山西高速
000755,2025-11-18,5.71,5.74,5.6,5.64,14948000.0,0.0,山西高速
000755,2025-11-19,5.65,5.65,5.49,5.55,17522700.0,0.0,山西高速
000755,2025-11-20,5.51,5.6,5.47,5.51,11073800.0,0.0,山西高速
000755,2025-11-21,5.48,5.5,5.24,5.25,19077900.0,0.0,山西高速
000755,2025-11-24,5.29,5.34,5.22,5.29,12239400.0,0.0,山西高速
000755,2025-11-25,5.31,5.37,5.27,5.34,7800200.0,0.0,山西高速
000755,2025-11-26,5.36,5.42,5.31,5.31,7421200.0,0.0,山西高速
000755,2025-11-27,5.31,5.34,5.28,5.29,6457700.0,0.0,山西高速
000755,2025-11-28,5.29,5.34,5.25,5.33,6667000.0,0.0,山西高速
000755,2025-12-01,5.34,5.45,5.31,5.41,15932400.0,0.0,山西高速
000755,2025-12-02,5.38,5.48,5.35,5.42,11885700.0,0.0,山西高速
000755,2025-12-03,5.45,5.46,5.36,5.4,9101700.0,0.0,山西高速
000755,2025-12-04,5.43,5.43,5.3,5.31,7384700.0,0.0,山西高速
000755,2025-12-05,5.3,5.44,5.28,5.38,9462400.0,0.0,山西高速
000755,2025-12-08,5.35,5.38,5.31,5.32,8442200.0,0.0,山西高速
000755,2025-12-09,5.3,5.32,5.23,5.27,6632500.0,0.0,山西高速
000755,2025-12-10,5.23,5.3,5.23,5.28,5731100.0,0.0,山西高速
000755,2025-12-11,5.25,5.28,5.18,5.19,7167000.0,0.0,山西高速
000755,2025-12-12,5.17,5.21,5.1,5.1,9332900.0,0.0,山西高速
000755,2025-12-15,5.08,5.16,5.07,5.14,6799200.0,0.0,山西高速
000755,2025-12-16,5.15,5.17,5.03,5.03,8635900.0,0.0,山西高速
000755,2025-12-17,5.02,5.14,5.0,5.12,9069500.0,0.0,山西高速
000755,2025-12-18,5.12,5.16,5.09,5.11,4446500.0,0.0,山西高速
000755,2025-12-19,5.12,5.18,5.1,5.15,5686600.0,0.0,山西高速
000755,2025-12-22,5.21,5.29,5.18,5.22,7597000.0,0.0,山西高速
000755,2025-12-23,5.22,5.33,5.17,5.18,8923400.0,0.0,山西高速
000755,2025-12-24,5.19,5.24,5.17,5.2,5878900.0,0.0,山西高速
000755,2025-12-25,5.22,5.23,5.15,5.18,5473500.0,0.0,山西高速
000755,2025-12-26,5.19,5.21,5.16,5.18,6144300.0,0.0,山西高速
000755,2025-12-29,5.17,5.18,5.08,5.1,6408600.0,0.0,山西高速
000755,2025-12-30,5.15,5.15,5.03,5.05,7212200.0,0.0,山西高速
000755,2025-12-31,5.08,5.08,5.0,5.02,7472200.0,0.0,山西高速
000755,2026-01-05,5.05,5.07,5.01,5.06,6594500.0,0.0,山西高速
000755,2026-01-06,5.06,5.1,5.02,5.05,12015100.0,0.0,山西高速
000755,2026-01-07,5.05,5.09,5.01,5.02,10182800.0,0.0,山西高速
000755,2026-01-08,5.02,5.02,4.96,4.96,10881000.0,0.0,山西高速
000755,2026-01-09,4.97,5.01,4.96,5.01,7684500.0,0.0,山西高速
000755,2026-01-12,5.04,5.07,5.01,5.07,9644000.0,0.0,山西高速
000755,2026-01-13,5.05,5.09,5.03,5.03,10472600.0,0.0,山西高速
000755,2026-01-14,5.03,5.09,4.99,5.05,10669900.0,0.0,山西高速
000755,2026-01-15,5.05,5.09,5.02,5.08,10635700.0,0.0,山西高速
000755,2026-01-16,5.1,5.16,5.06,5.13,15477700.0,0.0,山西高速
000755,2026-01-19,5.14,5.16,5.09,5.16,11485200.0,0.0,山西高速
000755,2026-01-20,5.18,5.3,5.16,5.29,19130600.0,0.0,山西高速
000755,2026-01-21,5.26,5.28,5.21,5.25,8449800.0,0.0,山西高速
000755,2026-01-22,5.25,5.33,5.22,5.31,9352900.0,0.0,山西高速
000755,2026-01-23,5.31,5.32,5.25,5.3,8932000.0,0.0,山西高速
000755,2026-01-26,5.29,5.34,5.24,5.33,9277800.0,0.0,山西高速
000755,2026-01-27,5.32,5.34,5.21,5.28,7623600.0,0.0,山西高速
000755,2026-01-28,5.27,5.41,5.26,5.38,9891000.0,0.0,山西高速
000755,2026-01-29,5.37,5.38,5.28,5.33,9151400.0,0.0,山西高速
000755,2026-01-30,5.31,5.38,5.28,5.33,9128300.0,0.0,山西高速
000755,2026-02-02,5.34,5.37,5.26,5.26,8919900.0,0.0,山西高速
000755,2026-02-03,5.31,5.33,5.25,5.28,8072900.0,0.0,山西高速
000755,2026-02-04,5.28,5.66,5.28,5.44,25917100.0,0.0,山西高速
000755,2026-02-05,5.48,5.51,5.36,5.38,16564200.0,0.0,山西高速
000755,2026-02-06,5.36,5.37,5.26,5.34,12839300.0,0.0,山西高速
000755,2026-02-09,5.34,5.4,5.32,5.39,11739600.0,0.0,山西高速
000755,2026-02-10,5.4,5.4,5.31,5.32,6823800.0,0.0,山西高速
000755,2026-02-11,5.32,5.35,5.26,5.32,8109500.0,0.0,山西高速
000755,2026-02-12,5.33,5.33,5.25,5.25,7978700.0,0.0,山西高速
000755,2026-02-13,5.23,5.27,5.17,5.18,8096500.0,0.0,山西高速
000755,2026-02-24,5.21,5.32,5.21,5.31,7527900.0,0.0,山西高速
000755,2026-02-25,5.3,5.37,5.28,5.31,6517500.0,0.0,山西高速
000755,2026-02-26,5.3,5.35,5.27,5.29,4598700.0,0.0,山西高速
000755,2026-02-27,5.3,5.45,5.28,5.39,7853600.0,0.0,山西高速
000755,2026-03-02,5.38,5.52,5.33,5.47,14391200.0,0.0,山西高速
000755,2026-03-03,5.5,5.58,5.42,5.43,17304600.0,0.0,山西高速
000755,2026-03-04,5.38,5.47,5.33,5.45,11825800.0,0.0,山西高速
000755,2026-03-05,5.46,5.48,5.39,5.45,11424100.0,0.0,山西高速
000755,2026-03-06,5.44,5.58,5.41,5.56,10618500.0,0.0,山西高速
000755,2026-03-09,5.56,5.62,5.51,5.53,11305600.0,0.0,山西高速
000755,2026-03-10,5.54,5.56,5.47,5.55,6600600.0,0.0,山西高速
000755,2026-03-11,5.56,5.58,5.43,5.54,6365500.0,0.0,山西高速
000755,2026-03-12,5.54,5.63,5.53,5.58,7763800.0,0.0,山西高速
000755,2026-03-13,5.58,5.62,5.55,5.58,5952900.0,0.0,山西高速
000755,2026-03-16,5.6,5.64,5.47,5.5,7383700.0,0.0,山西高速
000755,2026-03-17,5.52,5.56,5.47,5.49,6717000.0,0.0,山西高速
000755,2026-03-18,5.51,5.51,5.39,5.47,5786400.0,0.0,山西高速
000755,2026-03-19,5.46,5.48,5.36,5.39,5430800.0,0.0,山西高速
000755,2026-03-20,5.38,5.46,5.3,5.34,6083300.0,0.0,山西高速
000755,2026-03-23,5.3,5.34,4.96,5.01,16186700.0,0.0,山西高速
000755,2026-03-24,5.12,5.22,5.05,5.21,11111200.0,0.0,山西高速
000755,2026-03-25,5.22,5.38,5.17,5.38,9392400.0,0.0,山西高速
000755,2026-03-26,5.38,5.44,5.34,5.34,6716200.0,0.0,山西高速
000755,2026-03-27,5.34,5.38,5.27,5.3,8866100.0,0.0,山西高速
000755,2026-03-30,5.28,5.33,5.18,5.3,5226200.0,0.0,山西高速
000755,2026-03-31,5.26,5.35,5.19,5.22,6459000.0,0.0,山西高速
000755,2026-04-01,5.25,5.3,5.19,5.21,4817000.0,0.0,山西高速
000755,2026-04-02,5.2,5.24,5.16,5.17,4969600.0,0.0,山西高速
000755,2026-04-03,5.16,5.18,4.97,5.0,10318100.0,0.0,山西高速
000755,2026-04-07,5.0,5.1,4.94,5.09,7191000.0,0.0,山西高速
000755,2026-04-08,5.15,5.2,5.11,5.18,5918500.0,0.0,山西高速
000755,2026-04-09,5.2,5.2,5.06,5.08,6131700.0,0.0,山西高速
000755,2026-04-10,5.1,5.14,5.08,5.1,4602900.0,0.0,山西高速
000755,2026-04-13,5.1,5.1,5.02,5.06,4048200.0,0.0,山西高速
000755,2026-04-14,5.08,5.11,5.04,5.1,4431300.0,0.0,山西高速
000755,2026-04-15,5.11,5.14,5.08,5.11,4204000.0,0.0,山西高速
000755,2026-04-16,5.12,5.16,5.09,5.15,4011400.0,0.0,山西高速
000755,2026-04-17,5.14,5.15,5.09,5.1,3244400.0,0.0,山西高速
000755,2026-04-20,5.12,5.13,5.07,5.12,3876900.0,0.0,山西高速
000755,2026-04-21,5.13,5.2,5.11,5.18,5253500.0,0.0,山西高速
000755,2026-04-22,5.15,5.17,5.12,5.13,3193400.0,0.0,山西高速
000755,2026-04-23,5.13,5.19,5.09,5.19,5104500.0,0.0,山西高速
000755,2026-04-24,5.18,5.18,5.1,5.14,4897600.0,0.0,山西高速
000755,2026-04-27,5.1,5.15,4.86,4.97,21599200.0,0.0,山西高速
000755,2026-04-28,4.93,5.02,4.91,4.99,9887800.0,0.0,山西高速
000755,2026-04-29,5.0,5.07,4.97,5.04,9380800.0,0.0,山西高速
000755,2026-04-30,5.03,5.07,4.99,5.03,3928900.0,0.0,山西高速
000755,2026-05-06,5.03,5.08,5.03,5.07,5680900.0,0.0,山西高速
000755,2026-05-07,5.07,5.07,4.98,4.99,7319000.0,0.0,山西高速
000755,2026-05-08,4.98,5.04,4.96,5.03,5170600.0,0.0,山西高速
000755,2026-05-11,5.04,5.04,4.97,5.0,4290500.0,0.0,山西高速
000755,2026-05-12,5.0,5.07,4.97,5.06,8006600.0,0.0,山西高速
000755,2026-05-13,5.04,5.31,5.02,5.3,20459200.0,0.0,山西高速
000755,2026-05-14,5.27,5.49,5.24,5.3,17180000.0,0.0,山西高速
000755,2026-05-15,5.32,5.35,5.16,5.25,10945300.0,0.0,山西高速
000755,2026-05-18,5.23,5.28,5.12,5.18,7202600.0,0.0,山西高速
000755,2026-05-19,5.18,5.38,5.18,5.24,8449000.0,0.0,山西高速
000755,2026-05-20,5.22,5.23,5.11,5.13,7331100.0,0.0,山西高速
000755,2026-05-21,5.14,5.23,5.07,5.09,7231000.0,0.0,山西高速
000755,2026-05-22,5.09,5.11,4.99,5.1,6913900.0,0.0,山西高速
000755,2026-05-25,5.09,5.21,5.08,5.19,5552700.0,0.0,山西高速
000755,2026-05-26,5.18,5.29,5.07,5.22,7735400.0,0.0,山西高速
000755,2026-05-27,5.21,5.35,5.17,5.27,12359200.0,0.0,山西高速
000755,2026-05-28,5.27,5.46,5.17,5.19,11477200.0,0.0,山西高速
000755,2026-05-29,5.2,5.32,5.19,5.28,11076000.0,0.0,山西高速
000755,2026-06-01,5.3,5.35,5.15,5.32,16206200.0,0.0,山西高速
000755,2026-06-02,5.31,5.4,5.26,5.35,15036300.0,0.0,山西高速
000755,2026-06-03,5.33,5.45,5.23,5.41,12370100.0,0.0,山西高速
000755,2026-06-04,5.37,5.39,5.07,5.19,17348800.0,0.0,山西高速
000755,2026-06-05,5.14,5.2,4.98,4.99,15343300.0,0.0,山西高速
000755,2026-06-08,4.92,4.97,4.6,4.73,15932100.0,0.0,山西高速
000755,2026-06-09,4.73,4.79,4.66,4.72,6460600.0,0.0,山西高速
000755,2026-06-10,4.7,4.72,4.61,4.7,6721600.0,0.0,山西高速
000755,2026-06-11,4.68,4.7,4.53,4.6,6637000.0,0.0,山西高速
000755,2026-06-12,4.62,4.7,4.57,4.69,5790400.0,0.0,山西高速
000755,2026-06-15,4.72,4.77,4.64,4.68,5357100.0,0.0,山西高速
000755,2026-06-16,4.68,4.76,4.66,4.69,4118800.0,0.0,山西高速
000755,2026-06-17,4.7,4.71,4.61,4.64,3110600.0,0.0,山西高速
000755,2026-06-18,4.63,4.63,4.48,4.51,7978400.0,0.0,山西高速
000755,2026-06-22,4.49,4.56,4.38,4.56,6971500.0,0.0,山西高速
000755,2026-06-23,4.53,4.84,4.52,4.8,12440900.0,0.0,山西高速
000755,2026-06-24,4.54,4.59,4.38,4.41,9108200.0,0.0,山西高速
000755,2026-06-25,4.4,4.46,4.31,4.42,4750800.0,0.0,山西高速
000755,2026-06-26,4.38,4.4,4.3,4.3,3946200.0,0.0,山西高速
000755,2026-06-29,4.5,4.5,4.24,4.33,6001900.0,0.0,山西高速
000755,2026-06-30,4.34,4.36,4.2,4.24,4348900.0,0.0,山西高速
000755,2026-07-01,4.2,4.37,4.2,4.33,4561300.0,0.0,山西高速
000755,2026-07-02,4.29,4.48,4.28,4.42,7662800.0,0.0,山西高速
000755,2026-07-03,4.4,4.57,4.4,4.54,5581600.0,0.0,山西高速
000755,2026-07-06,4.55,4.66,4.48,4.65,7536200.0,0.0,山西高速
000755,2026-07-07,4.64,4.65,4.47,4.5,4172100.0,0.0,山西高速
000755,2026-07-08,4.51,4.58,4.46,4.53,3336800.0,0.0,山西高速
000755,2026-07-09,4.51,4.56,4.45,4.48,3487300.0,0.0,山西高速
000755,2026-07-10,4.47,4.58,4.41,4.52,4812200.0,0.0,山西高速
000755,2026-07-13,4.49,4.68,4.49,4.6,7955500.0,0.0,山西高速
000755,2026-07-14,4.6,4.7,4.58,4.67,4610100.0,0.0,山西高速
000755,2026-07-15,4.66,4.75,4.63,4.67,4018500.0,0.0,山西高速
000755,2026-07-16,4.65,4.7,4.6,4.63,3227400.0,0.0,山西高速
000755,2026-07-17,4.67,4.75,4.61,4.64,5498400.0,0.0,山西高速
000755,2026-07-20,4.63,4.77,4.61,4.74,7461100.0,0.0,山西高速
000755,2026-07-21,4.75,4.77,4.59,4.61,7424100.0,0.0,山西高速
000755,2026-07-22,4.58,4.63,4.49,4.59,5917300.0,0.0,山西高速
000755,2026-07-23,4.57,4.62,4.53,4.6,4410800.0,0.0,山西高速
000755,2026-07-24,4.61,4.66,4.53,4.54,3348500.0,0.0,山西高速
000755,2026-07-27,4.51,4.58,4.5,4.55,3849000.0,0.0,山西高速
000755,2026-07-28,4.54,4.61,4.51,4.6,3016500.0,0.0,山西高速
000755,2026-07-29,4.62,4.71,4.6,4.67,3685600.0,0.0,山西高速
000755,2026-07-30,4.67,4.72,4.62,4.67,3941800.0,0.0,山西高速
000755,2026-07-31,4.64,4.72,4.59,4.71,4849800.0,0.0,山西高速
000755,2026-08-03,4.67,4.8,4.67,4.78,7845600.0,0.0,山西高速
000755,2026-08-04,4.78,4.8,4.67,4.73,4287200.0,0.0,山西高速
000755,2026-08-05,4.76,4.76,4.66,4.69,4191100.0,0.0,山西高速
000755,2026-08-06,4.71,4.71,4.62,4.69,3338100.0,0.0,山西高速
000755,2026-08-07,4.69,4.7,4.58,4.6,4612600.0,0.0,山西高速
000755,2026-08-10,4.6,4.74,4.6,4.73,6174400.0,0.0,山西高速
000755,2026-08-11,4.7,4.76,4.66,4.67,3541500.0,0.0,山西高速
000755,2026-08-12,4.65,4.7,4.63,4.68,2975700.0,0.0,山西高速
000755,2026-08-13,4.68,4.7,4.63,4.65,2732500.0,0.0,山西高速
000755,2026-08-14,4.63,4.66,4.59,4.65,2633000.0,0.0,山西高速
000755,2026-08-17,4.67,4.84,4.6,4.84,9788900.0,0.0,山西高速
000755,2026-08-18,4.84,4.87,4.73,4.75,4689800.0,0.0,山西高速
000755,2026-08-19,4.74,4.81,4.72,4.75,4602800.0,0.0,山西高速
000755,2026-08-20,4.76,4.83,4.72,4.8,4172900.0,0.0,山西高速
000755,2026-08-21,4.78,4.79,4.72,4.78,3311500.0,0.0,山西高速
000755,2026-08-24,4.79,4.82,4.74,4.8,3896200.0,0.0,山西高速
000755,2026-08-25,4.75,4.82,4.75,4.81,3773400.0,0.0,山西高速
000755,2026-08-26,4.81,4.84,4.78,4.83,3824500.0,0.0,山西高速
000755,2026-08-27,4.83,4.83,4.71,4.76,5365600.0,0.0,山西高速
000755,2026-08-28,4.76,4.87,4.73,4.83,4855500.0,0.0,山西高速
000755,2026-08-31,4.81,4.87,4.79,4.82,4230200.0,0.0,山西高速
000755,2026-09-01,4.81,4.92,4.79,4.91,6478300.0,0.0,山西高速
000755,2026-09-02,4.9,4.9,4.78,4.82,5229800.0,0.0,山西高速
000755,2026-09-03,4.83,4.85,4.76,4.76,3678500.0,0.0,山西高速
000755,2026-09-04,4.76,4.82,4.73,4.77,3614200.0,0.0,山西高速
