code,date,open,high,low,close,volume,amount,name
002320,2023-05-23,6.22,6.24,6.13,6.13,8453000.0,0.0,海峡股份
002320,2023-05-24,6.12,6.17,6.05,6.1,10734300.0,0.0,海峡股份
002320,2023-05-25,6.12,6.19,6.04,6.12,7582100.0,0.0,海峡股份
002320,2023-05-26,6.09,6.18,6.0,6.17,11138200.0,0.0,海峡股份
002320,2023-05-29,6.17,6.2,6.12,6.14,6512400.0,0.0,海峡股份
002320,2023-05-30,6.16,6.25,6.08,6.25,8771000.0,0.0,海峡股份
002320,2023-05-31,6.2,6.31,6.2,6.28,9484300.0,0.0,海峡股份
002320,2023-06-01,6.29,6.31,6.21,6.23,7504300.0,0.0,海峡股份
002320,2023-06-02,6.26,6.28,6.22,6.24,6144600.0,0.0,海峡股份
002320,2023-06-05,6.24,6.27,6.18,6.25,7295500.0,0.0,海峡股份
002320,2023-06-06,6.24,6.27,6.14,6.15,7758700.0,0.0,海峡股份
002320,2023-06-07,6.14,6.29,6.11,6.26,9100200.0,0.0,海峡股份
002320,2023-06-08,6.23,6.34,6.22,6.31,9538900.0,0.0,海峡股份
002320,2023-06-09,6.35,6.42,6.28,6.29,10959500.0,0.0,海峡股份
002320,2023-06-12,6.26,6.3,6.21,6.27,8648200.0,0.0,海峡股份
002320,2023-06-13,6.28,6.32,6.16,6.17,8412800.0,0.0,海峡股份
002320,2023-06-14,6.2,6.28,6.18,6.23,7413200.0,0.0,海峡股份
002320,2023-06-15,6.21,6.25,6.15,6.19,8383100.0,0.0,海峡股份
002320,2023-06-16,6.19,6.37,6.18,6.33,14232700.0,0.0,海峡股份
002320,2023-06-19,6.33,6.33,6.18,6.18,12040700.0,0.0,海峡股份
002320,2023-06-20,6.19,6.21,6.07,6.09,9149800.0,0.0,海峡股份
002320,2023-06-21,6.09,6.14,5.75,5.82,39903500.0,0.0,海峡股份
002320,2023-06-26,5.87,5.94,5.75,5.83,20898400.0,0.0,海峡股份
002320,2023-06-27,5.88,6.03,5.86,5.98,17703400.0,0.0,海峡股份
002320,2023-06-28,6.02,6.03,5.93,6.02,8920200.0,0.0,海峡股份
002320,2023-06-29,6.0,6.05,5.95,6.02,8542400.0,0.0,海峡股份
002320,2023-06-30,6.08,6.1,6.04,6.04,7193900.0,0.0,海峡股份
002320,2023-07-03,6.05,6.3,6.05,6.28,14929800.0,0.0,海峡股份
002320,2023-07-04,6.28,6.32,6.22,6.27,6938200.0,0.0,海峡股份
002320,2023-07-05,6.26,6.3,6.19,6.22,7737300.0,0.0,海峡股份
002320,2023-07-06,6.22,6.27,6.18,6.21,6115800.0,0.0,海峡股份
002320,2023-07-07,6.19,6.27,6.17,6.26,6878400.0,0.0,海峡股份
002320,2023-07-10,6.29,6.3,6.2,6.28,8333700.0,0.0,海峡股份
002320,2023-07-11,6.26,6.35,6.25,6.28,9129400.0,0.0,海峡股份
002320,2023-07-12,6.28,6.35,6.23,6.25,7449900.0,0.0,海峡股份
002320,2023-07-13,6.27,6.38,6.26,6.34,9314700.0,0.0,海峡股份
002320,2023-07-14,6.5,6.55,6.38,6.41,18325900.0,0.0,海峡股份
002320,2023-07-17,6.35,6.39,6.28,6.35,8611300.0,0.0,海峡股份
002320,2023-07-18,6.35,6.39,6.29,6.33,9427500.0,0.0,海峡股份
002320,2023-07-19,6.29,6.39,6.29,6.36,8133600.0,0.0,海峡股份
002320,2023-07-20,6.38,6.42,6.3,6.31,9947100.0,0.0,海峡股份
002320,2023-07-21,6.36,6.38,6.31,6.35,6149600.0,0.0,海峡股份
002320,2023-07-24,6.36,6.39,6.31,6.37,6614600.0,0.0,海峡股份
002320,2023-07-25,6.4,6.45,6.37,6.39,7463600.0,0.0,海峡股份
002320,2023-07-26,6.39,6.47,6.36,6.38,7716200.0,0.0,海峡股份
002320,2023-07-27,6.36,6.43,6.35,6.36,6313700.0,0.0,海峡股份
002320,2023-07-28,6.31,6.43,6.29,6.4,9965300.0,0.0,海峡股份
002320,2023-07-31,6.4,6.44,6.37,6.41,11570000.0,0.0,海峡股份
002320,2023-08-01,6.41,6.49,6.39,6.47,12691300.0,0.0,海峡股份
002320,2023-08-02,6.45,6.49,6.32,6.36,13938100.0,0.0,海峡股份
002320,2023-08-03,6.36,6.38,6.3,6.33,6628100.0,0.0,海峡股份
002320,2023-08-04,6.36,6.39,6.28,6.29,8435800.0,0.0,海峡股份
002320,2023-08-07,6.31,6.31,6.19,6.21,9183500.0,0.0,海峡股份
002320,2023-08-08,6.24,6.25,6.15,6.23,6593200.0,0.0,海峡股份
002320,2023-08-09,6.21,6.24,6.17,6.2,5108400.0,0.0,海峡股份
002320,2023-08-10,6.21,6.34,6.19,6.32,8017200.0,0.0,海峡股份
002320,2023-08-11,6.32,6.34,6.17,6.18,7217100.0,0.0,海峡股份
002320,2023-08-14,6.13,6.2,6.09,6.17,7103300.0,0.0,海峡股份
002320,2023-08-15,6.17,6.23,6.09,6.17,7833200.0,0.0,海峡股份
002320,2023-08-16,6.17,6.25,6.12,6.17,5946200.0,0.0,海峡股份
002320,2023-08-17,6.16,6.22,6.08,6.22,5787000.0,0.0,海峡股份
002320,2023-08-18,6.24,6.36,6.18,6.2,8941700.0,0.0,海峡股份
002320,2023-08-21,6.23,6.28,6.05,6.05,10982700.0,0.0,海峡股份
002320,2023-08-22,6.09,6.15,6.02,6.11,8980500.0,0.0,海峡股份
002320,2023-08-23,6.11,6.14,6.02,6.02,6111200.0,0.0,海峡股份
002320,2023-08-24,6.06,6.09,6.02,6.02,6207100.0,0.0,海峡股份
002320,2023-08-25,6.01,6.05,5.92,5.96,6726300.0,0.0,海峡股份
002320,2023-08-28,6.25,6.26,6.05,6.05,16609100.0,0.0,海峡股份
002320,2023-08-29,6.07,6.08,5.94,5.97,15872400.0,0.0,海峡股份
002320,2023-08-30,5.98,6.01,5.83,5.84,12898600.0,0.0,海峡股份
002320,2023-08-31,5.85,5.9,5.78,5.88,7441600.0,0.0,海峡股份
002320,2023-09-01,5.89,5.94,5.86,5.9,9030600.0,0.0,海峡股份
002320,2023-09-04,5.9,6.05,5.87,6.01,10352500.0,0.0,海峡股份
002320,2023-09-05,5.99,6.0,5.91,5.93,5834900.0,0.0,海峡股份
002320,2023-09-06,5.91,5.94,5.84,5.86,6503200.0,0.0,海峡股份
002320,2023-09-07,5.86,5.86,5.75,5.76,8509600.0,0.0,海峡股份
002320,2023-09-08,5.8,5.8,5.73,5.76,4973400.0,0.0,海峡股份
002320,2023-09-11,5.77,5.83,5.74,5.82,6062500.0,0.0,海峡股份
002320,2023-09-12,5.83,5.86,5.8,5.82,4311700.0,0.0,海峡股份
002320,2023-09-13,5.87,5.99,5.77,5.79,12334300.0,0.0,海峡股份
002320,2023-09-14,5.74,5.83,5.74,5.81,7922000.0,0.0,海峡股份
002320,2023-09-15,5.79,5.92,5.79,5.87,9359200.0,0.0,海峡股份
002320,2023-09-18,5.83,5.95,5.79,5.91,8901100.0,0.0,海峡股份
002320,2023-09-19,5.89,5.96,5.88,5.94,8105600.0,0.0,海峡股份
002320,2023-09-20,5.9,5.95,5.87,5.87,5226400.0,0.0,海峡股份
002320,2023-09-21,5.9,5.9,5.82,5.84,5302200.0,0.0,海峡股份
002320,2023-09-22,5.86,5.88,5.79,5.87,7653600.0,0.0,海峡股份
002320,2023-09-25,5.85,5.98,5.82,5.88,9631900.0,0.0,海峡股份
002320,2023-09-26,5.86,5.88,5.8,5.81,7138900.0,0.0,海峡股份
002320,2023-09-27,5.84,5.88,5.8,5.83,7177300.0,0.0,海峡股份
002320,2023-09-28,5.86,5.87,5.79,5.8,7524000.0,0.0,海峡股份
002320,2023-10-09,5.8,5.84,5.74,5.78,9025200.0,0.0,海峡股份
002320,2023-10-10,5.79,5.84,5.7,5.72,9448200.0,0.0,海峡股份
002320,2023-10-11,5.72,5.76,5.68,5.7,7987500.0,0.0,海峡股份
002320,2023-10-12,5.72,5.75,5.69,5.71,6218600.0,0.0,海峡股份
002320,2023-10-13,5.69,5.7,5.56,5.58,9607700.0,0.0,海峡股份
002320,2023-10-16,5.58,5.61,5.5,5.6,9219000.0,0.0,海峡股份
002320,2023-10-17,5.6,5.66,5.57,5.6,7892300.0,0.0,海峡股份
002320,2023-10-18,5.57,5.6,5.49,5.5,8557700.0,0.0,海峡股份
002320,2023-10-19,5.48,5.52,5.43,5.44,7622500.0,0.0,海峡股份
002320,2023-10-20,5.41,5.47,5.41,5.44,5101300.0,0.0,海峡股份
002320,2023-10-23,5.44,5.45,5.3,5.43,9962900.0,0.0,海峡股份
002320,2023-10-24,5.43,5.48,5.33,5.46,10778100.0,0.0,海峡股份
002320,2023-10-25,5.48,5.6,5.48,5.56,8339300.0,0.0,海峡股份
002320,2023-10-26,5.54,5.58,5.5,5.56,6524900.0,0.0,海峡股份
002320,2023-10-27,5.58,5.68,5.55,5.68,9332000.0,0.0,海峡股份
002320,2023-10-30,5.74,5.75,5.59,5.59,15560200.0,0.0,海峡股份
002320,2023-10-31,5.62,5.69,5.54,5.66,13545700.0,0.0,海峡股份
002320,2023-11-01,5.65,5.65,5.55,5.56,9257100.0,0.0,海峡股份
002320,2023-11-02,5.55,5.6,5.54,5.54,6374400.0,0.0,海峡股份
002320,2023-11-03,5.53,5.6,5.53,5.57,6158500.0,0.0,海峡股份
002320,2023-11-06,5.6,5.62,5.55,5.6,10435600.0,0.0,海峡股份
002320,2023-11-07,5.61,5.61,5.5,5.52,11008100.0,0.0,海峡股份
002320,2023-11-08,5.5,5.61,5.5,5.54,9171800.0,0.0,海峡股份
002320,2023-11-09,5.53,5.58,5.52,5.55,6294900.0,0.0,海峡股份
002320,2023-11-10,5.56,5.57,5.48,5.56,7909900.0,0.0,海峡股份
002320,2023-11-13,5.58,5.71,5.57,5.7,13167000.0,0.0,海峡股份
002320,2023-11-14,5.71,5.72,5.6,5.65,9068400.0,0.0,海峡股份
002320,2023-11-15,5.67,5.7,5.64,5.68,8073600.0,0.0,海峡股份
002320,2023-11-16,5.65,5.99,5.61,5.86,36403000.0,0.0,海峡股份
002320,2023-11-17,5.92,5.99,5.8,5.83,19276900.0,0.0,海峡股份
002320,2023-11-20,5.81,5.82,5.74,5.78,12095500.0,0.0,海峡股份
002320,2023-11-21,5.81,5.91,5.81,5.85,19119400.0,0.0,海峡股份
002320,2023-11-22,5.84,5.86,5.77,5.78,8233900.0,0.0,海峡股份
002320,2023-11-23,5.75,5.87,5.74,5.85,9472800.0,0.0,海峡股份
002320,2023-11-24,5.81,5.87,5.8,5.86,6739100.0,0.0,海峡股份
002320,2023-11-27,5.88,5.95,5.85,5.9,11394400.0,0.0,海峡股份
002320,2023-11-28,5.9,5.91,5.82,5.89,6185400.0,0.0,海峡股份
002320,2023-11-29,5.9,5.94,5.88,5.91,8464500.0,0.0,海峡股份
002320,2023-11-30,5.9,5.92,5.86,5.9,6868100.0,0.0,海峡股份
002320,2023-12-01,5.9,6.0,5.88,5.97,10213300.0,0.0,海峡股份
002320,2023-12-04,5.99,6.03,5.95,6.01,8814500.0,0.0,海峡股份
002320,2023-12-05,6.02,6.03,5.91,5.92,11223300.0,0.0,海峡股份
002320,2023-12-06,5.92,5.94,5.86,5.91,8008800.0,0.0,海峡股份
002320,2023-12-07,5.92,5.96,5.86,5.93,8574800.0,0.0,海峡股份
002320,2023-12-08,5.91,5.94,5.82,5.84,10990300.0,0.0,海峡股份
002320,2023-12-11,5.8,5.94,5.75,5.93,10842100.0,0.0,海峡股份
002320,2023-12-12,5.93,5.96,5.89,5.95,6745000.0,0.0,海峡股份
002320,2023-12-13,5.93,5.97,5.91,5.91,7012600.0,0.0,海峡股份
002320,2023-12-14,5.95,6.02,5.92,5.97,8193300.0,0.0,海峡股份
002320,2023-12-15,5.99,5.99,5.92,5.95,7220300.0,0.0,海峡股份
002320,2023-12-18,5.95,6.1,5.92,6.05,22562400.0,0.0,海峡股份
002320,2023-12-19,6.03,6.04,5.92,5.95,16100500.0,0.0,海峡股份
002320,2023-12-20,5.97,6.07,5.87,5.89,14751400.0,0.0,海峡股份
002320,2023-12-21,5.85,5.96,5.84,5.92,8980000.0,0.0,海峡股份
002320,2023-12-22,5.92,5.99,5.88,5.91,11148200.0,0.0,海峡股份
002320,2023-12-25,5.87,5.88,5.75,5.79,10452500.0,0.0,海峡股份
002320,2023-12-26,5.8,5.85,5.7,5.73,9241000.0,0.0,海峡股份
002320,2023-12-27,5.78,5.82,5.66,5.75,18708600.0,0.0,海峡股份
002320,2023-12-28,5.73,5.86,5.66,5.84,14814400.0,0.0,海峡股份
002320,2023-12-29,5.82,5.87,5.8,5.83,8184200.0,0.0,海峡股份
002320,2024-01-02,5.83,5.94,5.82,5.89,11229100.0,0.0,海峡股份
002320,2024-01-03,5.85,5.97,5.85,5.93,11618700.0,0.0,海峡股份
002320,2024-01-04,5.94,5.94,5.86,5.89,9579500.0,0.0,海峡股份
002320,2024-01-05,5.89,5.94,5.83,5.87,9930500.0,0.0,海峡股份
002320,2024-01-08,5.89,5.89,5.7,5.71,10206300.0,0.0,海峡股份
002320,2024-01-09,5.72,5.86,5.67,5.84,11741600.0,0.0,海峡股份
002320,2024-01-10,5.82,5.85,5.75,5.82,8812200.0,0.0,海峡股份
002320,2024-01-11,5.82,5.89,5.76,5.86,6853200.0,0.0,海峡股份
002320,2024-01-12,5.84,5.94,5.83,5.89,8593100.0,0.0,海峡股份
002320,2024-01-15,5.87,5.94,5.86,5.89,8524900.0,0.0,海峡股份
002320,2024-01-16,5.89,5.9,5.81,5.86,6960700.0,0.0,海峡股份
002320,2024-01-17,5.86,5.87,5.73,5.73,7443100.0,0.0,海峡股份
002320,2024-01-18,5.71,5.73,5.45,5.6,17686900.0,0.0,海峡股份
002320,2024-01-19,5.6,5.7,5.55,5.6,10356100.0,0.0,海峡股份
002320,2024-01-22,5.58,5.61,5.27,5.3,15638000.0,0.0,海峡股份
002320,2024-01-23,5.27,5.42,5.15,5.39,13325700.0,0.0,海峡股份
002320,2024-01-24,5.36,5.51,5.27,5.5,12339000.0,0.0,海峡股份
002320,2024-01-25,5.47,5.74,5.45,5.74,15286900.0,0.0,海峡股份
002320,2024-01-26,5.73,6.31,5.7,6.31,34218500.0,0.0,海峡股份
002320,2024-01-29,6.5,6.5,5.97,5.98,86903100.0,0.0,海峡股份
002320,2024-01-30,5.98,6.18,5.79,5.84,41371700.0,0.0,海峡股份
002320,2024-01-31,5.9,5.92,5.41,5.44,35829600.0,0.0,海峡股份
002320,2024-02-01,5.4,5.55,5.32,5.42,21419700.0,0.0,海峡股份
002320,2024-02-02,5.42,5.73,5.29,5.47,27478200.0,0.0,海峡股份
002320,2024-02-05,5.5,5.53,5.11,5.2,27961100.0,0.0,海峡股份
002320,2024-02-06,5.11,5.6,5.06,5.56,28271500.0,0.0,海峡股份
002320,2024-02-07,5.6,5.83,5.54,5.78,29231700.0,0.0,海峡股份
002320,2024-02-08,5.81,6.19,5.74,6.13,45256100.0,0.0,海峡股份
002320,2024-02-19,6.29,6.35,6.1,6.18,37961900.0,0.0,海峡股份
002320,2024-02-20,6.12,6.3,6.01,6.24,26448500.0,0.0,海峡股份
002320,2024-02-21,6.18,6.47,6.14,6.27,32158300.0,0.0,海峡股份
002320,2024-02-22,6.25,6.39,6.22,6.28,18327900.0,0.0,海峡股份
002320,2024-02-23,6.29,6.32,6.19,6.24,18261200.0,0.0,海峡股份
002320,2024-02-26,6.22,6.25,6.09,6.18,22519400.0,0.0,海峡股份
002320,2024-02-27,6.17,6.45,6.12,6.36,22528300.0,0.0,海峡股份
002320,2024-02-28,6.36,6.43,6.18,6.18,24965200.0,0.0,海峡股份
002320,2024-02-29,6.16,6.43,6.13,6.43,26132500.0,0.0,海峡股份
002320,2024-03-01,6.41,6.51,6.36,6.41,17960500.0,0.0,海峡股份
002320,2024-03-04,6.39,6.42,6.32,6.39,17109200.0,0.0,海峡股份
002320,2024-03-05,6.38,6.65,6.33,6.45,31097700.0,0.0,海峡股份
002320,2024-03-06,6.37,6.49,6.35,6.36,16489000.0,0.0,海峡股份
002320,2024-03-07,6.35,6.46,6.32,6.33,12881900.0,0.0,海峡股份
002320,2024-03-08,6.32,6.44,6.31,6.4,10874100.0,0.0,海峡股份
002320,2024-03-11,6.39,6.51,6.36,6.5,14675100.0,0.0,海峡股份
002320,2024-03-12,6.5,6.64,6.43,6.47,14338300.0,0.0,海峡股份
002320,2024-03-13,6.47,6.57,6.42,6.5,13595900.0,0.0,海峡股份
002320,2024-03-14,6.52,6.6,6.47,6.54,13332200.0,0.0,海峡股份
002320,2024-03-15,6.53,6.65,6.52,6.63,15390500.0,0.0,海峡股份
002320,2024-03-18,6.66,6.75,6.55,6.73,18547000.0,0.0,海峡股份
002320,2024-03-19,6.69,6.72,6.59,6.6,14835200.0,0.0,海峡股份
002320,2024-03-20,6.59,6.66,6.56,6.61,11837000.0,0.0,海峡股份
002320,2024-03-21,6.64,6.72,6.57,6.69,13893400.0,0.0,海峡股份
002320,2024-03-22,6.7,6.9,6.59,6.74,26444000.0,0.0,海峡股份
002320,2024-03-25,6.71,6.92,6.57,6.59,24091200.0,0.0,海峡股份
002320,2024-03-26,6.52,6.61,6.5,6.55,13716400.0,0.0,海峡股份
002320,2024-03-27,6.59,6.59,6.37,6.39,12651500.0,0.0,海峡股份
002320,2024-03-28,6.39,6.6,6.39,6.5,15635800.0,0.0,海峡股份
002320,2024-03-29,6.49,6.5,6.33,6.44,18626500.0,0.0,海峡股份
002320,2024-04-01,6.45,6.51,6.4,6.42,16538400.0,0.0,海峡股份
002320,2024-04-02,6.4,6.46,6.26,6.35,14883700.0,0.0,海峡股份
002320,2024-04-03,6.38,6.43,6.29,6.35,10427900.0,0.0,海峡股份
002320,2024-04-08,6.34,6.37,6.22,6.22,15011400.0,0.0,海峡股份
002320,2024-04-09,6.23,6.28,6.2,6.24,9678800.0,0.0,海峡股份
002320,2024-04-10,6.24,6.26,6.1,6.2,12088000.0,0.0,海峡股份
002320,2024-04-11,6.2,6.24,6.15,6.19,10854100.0,0.0,海峡股份
002320,2024-04-12,6.14,6.28,6.14,6.19,11668200.0,0.0,海峡股份
002320,2024-04-15,6.19,6.35,6.06,6.24,19823600.0,0.0,海峡股份
002320,2024-04-16,6.25,6.26,5.95,5.96,19503400.0,0.0,海峡股份
002320,2024-04-17,6.0,6.27,6.0,6.27,16106300.0,0.0,海峡股份
002320,2024-04-18,6.26,6.44,6.24,6.34,16611000.0,0.0,海峡股份
002320,2024-04-19,6.34,6.47,6.29,6.37,11775900.0,0.0,海峡股份
002320,2024-04-22,6.36,6.42,6.27,6.33,10168900.0,0.0,海峡股份
002320,2024-04-23,6.34,6.38,6.18,6.21,11448600.0,0.0,海峡股份
002320,2024-04-24,6.21,6.36,6.18,6.33,9118000.0,0.0,海峡股份
002320,2024-04-25,6.3,6.58,6.3,6.49,22659200.0,0.0,海峡股份
002320,2024-04-26,6.47,6.63,6.45,6.53,18691400.0,0.0,海峡股份
002320,2024-04-29,6.53,6.58,6.41,6.55,17922200.0,0.0,海峡股份
002320,2024-04-30,6.47,6.5,6.37,6.44,14747500.0,0.0,海峡股份
002320,2024-05-06,6.49,6.57,6.45,6.47,16168400.0,0.0,海峡股份
002320,2024-05-07,6.47,6.53,6.45,6.51,12911100.0,0.0,海峡股份
002320,2024-05-08,6.51,6.51,6.37,6.39,11423100.0,0.0,海峡股份
002320,2024-05-09,6.39,6.55,6.39,6.52,13307300.0,0.0,海峡股份
002320,2024-05-10,6.52,6.57,6.48,6.54,13824200.0,0.0,海峡股份
002320,2024-05-13,6.51,6.65,6.43,6.59,21236500.0,0.0,海峡股份
002320,2024-05-14,6.59,6.63,6.56,6.59,11086500.0,0.0,海峡股份
002320,2024-05-15,6.59,6.67,6.52,6.59,16215200.0,0.0,海峡股份
002320,2024-05-16,6.56,6.62,6.43,6.45,14837500.0,0.0,海峡股份
002320,2024-05-17,6.45,6.56,6.43,6.51,10537000.0,0.0,海峡股份
002320,2024-05-20,6.51,6.61,6.49,6.58,11571300.0,0.0,海峡股份
002320,2024-05-21,6.58,6.59,6.49,6.51,7967000.0,0.0,海峡股份
002320,2024-05-22,6.51,6.53,6.43,6.43,7599300.0,0.0,海峡股份
002320,2024-05-23,6.41,6.43,6.2,6.22,18734500.0,0.0,海峡股份
002320,2024-05-24,6.22,6.32,6.2,6.23,9565500.0,0.0,海峡股份
002320,2024-05-27,6.26,6.35,6.25,6.3,8591600.0,0.0,海峡股份
002320,2024-05-28,6.29,6.35,6.25,6.27,10745700.0,0.0,海峡股份
002320,2024-05-29,6.27,6.28,6.21,6.24,6764000.0,0.0,海峡股份
002320,2024-05-30,6.22,6.31,6.2,6.23,6568100.0,0.0,海峡股份
002320,2024-05-31,6.26,6.28,6.22,6.24,6235300.0,0.0,海峡股份
002320,2024-06-03,6.25,6.29,6.14,6.2,10562100.0,0.0,海峡股份
002320,2024-06-04,6.17,6.32,6.15,6.31,9782700.0,0.0,海峡股份
002320,2024-06-05,6.28,6.38,6.27,6.3,9138400.0,0.0,海峡股份
002320,2024-06-06,6.3,6.36,6.13,6.17,12064400.0,0.0,海峡股份
002320,2024-06-07,6.22,6.39,6.17,6.35,12028400.0,0.0,海峡股份
002320,2024-06-11,6.31,6.37,6.1,6.15,15725700.0,0.0,海峡股份
002320,2024-06-12,6.12,6.16,6.04,6.06,11773200.0,0.0,海峡股份
002320,2024-06-13,6.06,6.08,5.98,6.03,8894500.0,0.0,海峡股份
002320,2024-06-14,5.94,5.99,5.79,5.87,13338700.0,0.0,海峡股份
002320,2024-06-17,5.86,5.87,5.7,5.73,19528700.0,0.0,海峡股份
002320,2024-06-18,5.7,5.85,5.67,5.8,11273200.0,0.0,海峡股份
002320,2024-06-19,5.8,5.81,5.66,5.68,8755900.0,0.0,海峡股份
002320,2024-06-20,5.67,5.73,5.6,5.61,6999900.0,0.0,海峡股份
002320,2024-06-21,5.6,5.68,5.58,5.6,7887500.0,0.0,海峡股份
002320,2024-06-24,5.59,5.59,5.33,5.38,22860000.0,0.0,海峡股份
002320,2024-06-25,5.4,5.43,5.27,5.33,13857700.0,0.0,海峡股份
002320,2024-06-26,5.33,5.38,5.25,5.36,16556700.0,0.0,海峡股份
002320,2024-06-27,5.36,5.37,5.16,5.18,20476900.0,0.0,海峡股份
002320,2024-06-28,5.2,5.27,5.14,5.16,17126700.0,0.0,海峡股份
002320,2024-07-01,5.2,5.28,5.14,5.25,15324100.0,0.0,海峡股份
002320,2024-07-02,5.26,5.34,5.25,5.28,13720100.0,0.0,海峡股份
002320,2024-07-03,5.3,5.33,5.22,5.24,8722900.0,0.0,海峡股份
002320,2024-07-04,5.25,5.28,5.14,5.17,10206800.0,0.0,海峡股份
002320,2024-07-05,5.15,5.18,5.09,5.14,14831900.0,0.0,海峡股份
002320,2024-07-08,5.12,5.15,4.97,4.99,13144900.0,0.0,海峡股份
002320,2024-07-09,4.99,5.05,4.85,5.0,17738700.0,0.0,海峡股份
002320,2024-07-10,5.02,5.03,4.89,4.89,15124300.0,0.0,海峡股份
002320,2024-07-11,4.96,5.06,4.96,5.04,12425700.0,0.0,海峡股份
002320,2024-07-12,5.05,5.07,4.99,5.03,9090200.0,0.0,海峡股份
002320,2024-07-15,5.03,5.06,4.99,5.02,8933100.0,0.0,海峡股份
002320,2024-07-16,5.03,5.03,4.96,4.99,8761700.0,0.0,海峡股份
002320,2024-07-17,5.01,5.05,4.97,5.03,12045100.0,0.0,海峡股份
002320,2024-07-18,5.0,5.09,4.96,5.08,10494700.0,0.0,海峡股份
002320,2024-07-19,5.06,5.12,5.01,5.08,10224400.0,0.0,海峡股份
002320,2024-07-22,5.08,5.1,5.03,5.06,7099100.0,0.0,海峡股份
002320,2024-07-23,5.05,5.11,4.97,4.98,10176600.0,0.0,海峡股份
002320,2024-07-24,4.99,5.02,4.9,4.92,10452100.0,0.0,海峡股份
002320,2024-07-25,4.88,4.98,4.88,4.97,7065800.0,0.0,海峡股份
002320,2024-07-26,4.97,5.02,4.95,5.0,7605400.0,0.0,海峡股份
002320,2024-07-29,5.01,5.05,4.96,5.03,7943500.0,0.0,海峡股份
002320,2024-07-30,5.03,5.05,4.98,5.05,7496400.0,0.0,海峡股份
002320,2024-07-31,5.12,5.35,5.07,5.33,25544100.0,0.0,海峡股份
002320,2024-08-01,5.29,5.31,5.21,5.27,15664400.0,0.0,海峡股份
002320,2024-08-02,5.23,5.31,5.21,5.24,9858800.0,0.0,海峡股份
002320,2024-08-05,5.28,5.32,5.17,5.18,11201400.0,0.0,海峡股份
002320,2024-08-06,5.21,5.26,5.16,5.22,9205300.0,0.0,海峡股份
002320,2024-08-07,5.2,5.27,5.18,5.21,9109100.0,0.0,海峡股份
002320,2024-08-08,5.19,5.28,5.18,5.25,7370800.0,0.0,海峡股份
002320,2024-08-09,5.25,5.29,5.18,5.2,7863600.0,0.0,海峡股份
002320,2024-08-12,5.19,5.21,5.14,5.16,6494600.0,0.0,海峡股份
002320,2024-08-13,5.15,5.18,5.12,5.17,5830100.0,0.0,海峡股份
002320,2024-08-14,5.16,5.18,5.09,5.09,5720000.0,0.0,海峡股份
002320,2024-08-15,5.09,5.18,5.07,5.14,7348900.0,0.0,海峡股份
002320,2024-08-16,5.15,5.17,5.1,5.11,4852200.0,0.0,海峡股份
002320,2024-08-19,5.1,5.18,5.09,5.18,7787800.0,0.0,海峡股份
002320,2024-08-20,5.2,5.21,5.05,5.07,9685900.0,0.0,海峡股份
002320,2024-08-21,5.05,5.1,5.02,5.03,5703100.0,0.0,海峡股份
002320,2024-08-22,5.03,5.06,4.96,4.98,7580200.0,0.0,海峡股份
002320,2024-08-23,4.95,5.01,4.9,4.93,10244700.0,0.0,海峡股份
002320,2024-08-26,4.94,5.07,4.94,5.06,10009800.0,0.0,海峡股份
002320,2024-08-27,5.05,5.1,5.0,5.02,7391900.0,0.0,海峡股份
002320,2024-08-28,4.98,5.0,4.76,4.81,20256000.0,0.0,海峡股份
002320,2024-08-29,4.79,4.86,4.7,4.8,12757900.0,0.0,海峡股份
002320,2024-08-30,4.79,4.93,4.76,4.84,13294400.0,0.0,海峡股份
002320,2024-09-02,4.83,4.84,4.72,4.72,10629400.0,0.0,海峡股份
002320,2024-09-03,4.71,4.78,4.7,4.74,7080000.0,0.0,海峡股份
002320,2024-09-04,4.72,4.76,4.68,4.73,7086700.0,0.0,海峡股份
002320,2024-09-05,4.75,4.81,4.73,4.81,7094700.0,0.0,海峡股份
002320,2024-09-06,4.87,4.98,4.79,4.79,11234000.0,0.0,海峡股份
002320,2024-09-09,4.8,4.86,4.76,4.85,9902700.0,0.0,海峡股份
002320,2024-09-10,4.82,4.89,4.67,4.75,13264000.0,0.0,海峡股份
002320,2024-09-11,4.71,4.74,4.64,4.69,8397900.0,0.0,海峡股份
002320,2024-09-12,4.67,4.95,4.67,4.82,18733300.0,0.0,海峡股份
002320,2024-09-13,4.84,4.85,4.76,4.77,9871000.0,0.0,海峡股份
002320,2024-09-18,4.77,4.78,4.66,4.73,9301500.0,0.0,海峡股份
002320,2024-09-19,4.75,4.89,4.72,4.84,11273000.0,0.0,海峡股份
002320,2024-09-20,4.84,4.85,4.76,4.82,7390700.0,0.0,海峡股份
002320,2024-09-23,4.82,4.84,4.78,4.79,6395800.0,0.0,海峡股份
002320,2024-09-24,4.81,4.95,4.81,4.94,17757100.0,0.0,海峡股份
002320,2024-09-25,4.97,5.07,4.94,4.95,21972000.0,0.0,海峡股份
002320,2024-09-26,4.92,5.18,4.92,5.18,19709300.0,0.0,海峡股份
002320,2024-09-27,5.23,5.41,5.17,5.33,29478400.0,0.0,海峡股份
002320,2024-09-30,5.51,5.82,5.41,5.78,46804000.0,0.0,海峡股份
002320,2024-10-08,6.35,6.35,5.63,5.86,60284700.0,0.0,海峡股份
002320,2024-10-09,5.79,5.79,5.28,5.31,43861600.0,0.0,海峡股份
002320,2024-10-10,5.36,5.56,5.3,5.44,29233800.0,0.0,海峡股份
002320,2024-10-11,5.44,5.44,5.28,5.34,25784800.0,0.0,海峡股份
002320,2024-10-14,5.35,5.42,5.28,5.38,20190400.0,0.0,海峡股份
002320,2024-10-15,5.34,5.75,5.28,5.36,35286000.0,0.0,海峡股份
002320,2024-10-16,5.22,5.38,5.19,5.33,21642200.0,0.0,海峡股份
002320,2024-10-17,5.33,5.38,5.21,5.22,20333900.0,0.0,海峡股份
002320,2024-10-18,5.21,5.42,5.18,5.35,26067900.0,0.0,海峡股份
002320,2024-10-21,5.37,5.41,5.25,5.27,24696700.0,0.0,海峡股份
002320,2024-10-22,5.26,5.42,5.25,5.42,23674100.0,0.0,海峡股份
002320,2024-10-23,5.42,5.58,5.38,5.56,31054500.0,0.0,海峡股份
002320,2024-10-24,5.54,5.58,5.44,5.55,19980000.0,0.0,海峡股份
002320,2024-10-25,5.55,5.72,5.55,5.68,24124500.0,0.0,海峡股份
002320,2024-10-28,5.68,5.75,5.65,5.73,22416900.0,0.0,海峡股份
002320,2024-10-29,5.77,5.77,5.57,5.58,22877200.0,0.0,海峡股份
002320,2024-10-30,5.58,5.77,5.5,5.73,26025700.0,0.0,海峡股份
002320,2024-10-31,5.71,6.01,5.69,5.9,44739900.0,0.0,海峡股份
002320,2024-11-01,5.89,5.92,5.65,5.69,34219600.0,0.0,海峡股份
002320,2024-11-04,5.75,5.99,5.72,5.91,33197200.0,0.0,海峡股份
002320,2024-11-05,5.88,6.38,5.87,6.18,63539800.0,0.0,海峡股份
002320,2024-11-06,6.18,6.31,6.05,6.13,52031000.0,0.0,海峡股份
002320,2024-11-07,6.08,6.52,6.05,6.43,48621800.0,0.0,海峡股份
002320,2024-11-08,6.44,6.61,6.33,6.35,46465500.0,0.0,海峡股份
002320,2024-11-11,6.3,6.4,6.11,6.18,37704100.0,0.0,海峡股份
002320,2024-11-12,6.18,6.39,6.15,6.25,31183500.0,0.0,海峡股份
002320,2024-11-13,6.24,6.27,6.11,6.2,18038800.0,0.0,海峡股份
002320,2024-11-14,6.18,6.25,6.02,6.05,23164600.0,0.0,海峡股份
002320,2024-11-15,6.06,6.18,5.98,5.99,24350200.0,0.0,海峡股份
002320,2024-11-18,5.99,6.1,5.88,5.93,24268800.0,0.0,海峡股份
002320,2024-11-19,5.92,6.03,5.9,6.02,16534600.0,0.0,海峡股份
002320,2024-11-20,6.02,6.04,5.95,6.01,17693100.0,0.0,海峡股份
002320,2024-11-21,6.0,6.02,5.89,5.93,17123900.0,0.0,海峡股份
002320,2024-11-22,5.91,6.01,5.76,5.78,21636300.0,0.0,海峡股份
002320,2024-11-25,5.81,5.92,5.78,5.86,16457700.0,0.0,海峡股份
002320,2024-11-26,5.86,5.93,5.84,5.89,16134500.0,0.0,海峡股份
002320,2024-11-27,5.88,5.95,5.7,5.95,18865500.0,0.0,海峡股份
002320,2024-11-28,5.96,6.36,5.92,6.18,46896200.0,0.0,海峡股份
002320,2024-11-29,6.22,6.24,6.1,6.23,26536700.0,0.0,海峡股份
002320,2024-12-02,6.41,6.85,6.41,6.85,48495000.0,0.0,海峡股份
002320,2024-12-03,7.41,7.41,6.76,6.84,140887800.0,0.0,海峡股份
002320,2024-12-04,6.65,6.8,6.53,6.57,63193200.0,0.0,海峡股份
002320,2024-12-05,6.51,6.64,6.39,6.5,43785600.0,0.0,海峡股份
002320,2024-12-06,6.5,6.54,6.35,6.43,36946300.0,0.0,海峡股份
002320,2024-12-09,6.44,6.56,6.39,6.51,39785000.0,0.0,海峡股份
002320,2024-12-10,6.67,6.74,6.42,6.44,37970100.0,0.0,海峡股份
002320,2024-12-11,6.45,7.08,6.43,7.08,92433100.0,0.0,海峡股份
002320,2024-12-12,6.96,7.04,6.85,6.96,64952600.0,0.0,海峡股份
002320,2024-12-13,7.0,7.25,6.99,7.03,72913800.0,0.0,海峡股份
002320,2024-12-16,7.15,7.29,7.09,7.13,58290000.0,0.0,海峡股份
002320,2024-12-17,7.13,7.15,6.73,6.77,47533400.0,0.0,海峡股份
002320,2024-12-18,6.88,6.95,6.6,6.74,63392900.0,0.0,海峡股份
002320,2024-12-19,6.63,6.71,6.54,6.71,33243300.0,0.0,海峡股份
002320,2024-12-20,6.76,6.94,6.73,6.79,33770000.0,0.0,海峡股份
002320,2024-12-23,6.77,6.79,6.5,6.54,30541300.0,0.0,海峡股份
002320,2024-12-24,6.55,6.86,6.49,6.7,30099900.0,0.0,海峡股份
002320,2024-12-25,6.66,6.72,6.48,6.55,22709200.0,0.0,海峡股份
002320,2024-12-26,6.52,6.61,6.5,6.55,17275800.0,0.0,海峡股份
002320,2024-12-27,6.54,6.91,6.52,6.8,36996100.0,0.0,海峡股份
002320,2024-12-30,6.75,6.78,6.65,6.71,22881900.0,0.0,海峡股份
002320,2024-12-31,6.71,6.82,6.53,6.55,31511500.0,0.0,海峡股份
002320,2025-01-02,6.55,6.55,6.15,6.24,33320300.0,0.0,海峡股份
002320,2025-01-03,6.24,6.24,5.94,5.97,29168900.0,0.0,海峡股份
002320,2025-01-06,5.94,6.03,5.88,5.93,16510600.0,0.0,海峡股份
002320,2025-01-07,5.97,6.03,5.9,5.99,14763900.0,0.0,海峡股份
002320,2025-01-08,5.99,6.0,5.74,5.9,21467900.0,0.0,海峡股份
002320,2025-01-09,5.85,5.92,5.81,5.86,11527800.0,0.0,海峡股份
002320,2025-01-10,5.86,6.02,5.78,5.79,16042800.0,0.0,海峡股份
002320,2025-01-13,5.73,5.9,5.71,5.8,15034600.0,0.0,海峡股份
002320,2025-01-14,5.82,6.25,5.82,6.22,31894300.0,0.0,海峡股份
002320,2025-01-15,6.2,6.2,6.06,6.11,17750800.0,0.0,海峡股份
002320,2025-01-16,6.15,6.22,6.01,6.1,18168100.0,0.0,海峡股份
002320,2025-01-17,6.09,6.22,6.03,6.16,16868700.0,0.0,海峡股份
002320,2025-01-20,6.22,6.32,6.14,6.19,20823900.0,0.0,海峡股份
002320,2025-01-21,6.22,6.29,6.09,6.16,16686700.0,0.0,海峡股份
002320,2025-01-22,6.14,6.16,6.05,6.1,10339600.0,0.0,海峡股份
002320,2025-01-23,6.14,6.36,6.12,6.29,27311000.0,0.0,海峡股份
002320,2025-01-24,6.26,6.3,6.16,6.26,21741200.0,0.0,海峡股份
002320,2025-01-27,6.3,6.42,6.28,6.29,18100900.0,0.0,海峡股份
002320,2025-02-05,6.29,6.33,6.18,6.25,16376500.0,0.0,海峡股份
002320,2025-02-06,6.22,6.26,6.14,6.24,15842800.0,0.0,海峡股份
002320,2025-02-07,6.24,6.55,6.22,6.39,32969400.0,0.0,海峡股份
002320,2025-02-10,6.42,6.46,6.32,6.36,19214800.0,0.0,海峡股份
002320,2025-02-11,6.37,6.42,6.31,6.36,13511300.0,0.0,海峡股份
002320,2025-02-12,6.34,6.37,6.24,6.35,17361100.0,0.0,海峡股份
002320,2025-02-13,6.35,6.37,6.26,6.28,16672000.0,0.0,海峡股份
002320,2025-02-14,6.27,6.31,6.15,6.18,16196900.0,0.0,海峡股份
002320,2025-02-17,6.19,6.22,6.11,6.18,14992500.0,0.0,海峡股份
002320,2025-02-18,6.19,6.24,6.08,6.11,17733300.0,0.0,海峡股份
002320,2025-02-19,6.16,6.24,6.12,6.21,16712300.0,0.0,海峡股份
002320,2025-02-20,6.19,6.32,6.15,6.21,20720500.0,0.0,海峡股份
002320,2025-02-21,6.19,6.23,6.12,6.17,16003300.0,0.0,海峡股份
002320,2025-02-24,6.17,6.35,6.13,6.28,24736800.0,0.0,海峡股份
002320,2025-02-25,6.25,6.39,6.15,6.33,25636500.0,0.0,海峡股份
002320,2025-02-26,6.34,6.5,6.34,6.39,22442400.0,0.0,海峡股份
002320,2025-02-27,6.39,6.76,6.38,6.66,51794800.0,0.0,海峡股份
002320,2025-02-28,6.62,6.67,6.48,6.5,32839400.0,0.0,海峡股份
002320,2025-03-03,6.48,6.6,6.31,6.36,23882500.0,0.0,海峡股份
002320,2025-03-04,6.36,6.51,6.33,6.47,16944300.0,0.0,海峡股份
002320,2025-03-05,6.47,6.57,6.4,6.56,15070500.0,0.0,海峡股份
002320,2025-03-06,6.56,6.65,6.5,6.64,24668600.0,0.0,海峡股份
002320,2025-03-07,6.61,6.64,6.43,6.48,20018100.0,0.0,海峡股份
002320,2025-03-10,6.49,6.63,6.45,6.56,17455400.0,0.0,海峡股份
002320,2025-03-11,6.5,6.66,6.47,6.62,18381200.0,0.0,海峡股份
002320,2025-03-12,6.62,6.68,6.55,6.59,16647800.0,0.0,海峡股份
002320,2025-03-13,6.58,6.6,6.4,6.5,15746400.0,0.0,海峡股份
002320,2025-03-14,6.48,6.65,6.48,6.64,18528500.0,0.0,海峡股份
002320,2025-03-17,6.69,6.84,6.66,6.73,26071900.0,0.0,海峡股份
002320,2025-03-18,6.75,7.0,6.7,6.92,34680000.0,0.0,海峡股份
002320,2025-03-19,6.9,6.93,6.79,6.88,22234500.0,0.0,海峡股份
002320,2025-03-20,6.88,7.15,6.83,7.02,29220300.0,0.0,海峡股份
002320,2025-03-21,7.02,7.25,6.9,6.99,45001500.0,0.0,海峡股份
002320,2025-03-24,7.4,7.4,6.52,6.79,134145400.0,0.0,海峡股份
002320,2025-03-25,6.6,6.7,6.38,6.41,61802900.0,0.0,海峡股份
002320,2025-03-26,6.41,6.58,6.41,6.46,29060700.0,0.0,海峡股份
002320,2025-03-27,6.42,6.43,6.26,6.27,36664500.0,0.0,海峡股份
002320,2025-03-28,6.26,6.27,6.1,6.11,30710300.0,0.0,海峡股份
002320,2025-03-31,6.11,6.19,5.98,6.03,27698700.0,0.0,海峡股份
002320,2025-04-01,6.08,6.13,6.01,6.04,19210000.0,0.0,海峡股份
002320,2025-04-02,6.04,6.16,6.0,6.11,19801300.0,0.0,海峡股份
002320,2025-04-03,6.05,6.21,6.03,6.2,23777900.0,0.0,海峡股份
002320,2025-04-07,5.93,6.05,5.58,5.58,34890500.0,0.0,海峡股份
002320,2025-04-08,5.68,5.78,5.56,5.77,32471900.0,0.0,海峡股份
002320,2025-04-09,5.69,6.32,5.4,6.19,52605600.0,0.0,海峡股份
002320,2025-04-10,6.21,6.43,6.15,6.27,50633300.0,0.0,海峡股份
002320,2025-04-11,6.23,6.57,6.2,6.47,50335700.0,0.0,海峡股份
002320,2025-04-14,6.46,6.81,6.3,6.52,83582600.0,0.0,海峡股份
002320,2025-04-15,6.42,6.45,6.15,6.18,48375800.0,0.0,海峡股份
002320,2025-04-16,6.15,6.18,5.96,6.05,32374300.0,0.0,海峡股份
002320,2025-04-17,5.99,6.05,5.97,5.98,19397800.0,0.0,海峡股份
002320,2025-04-18,5.98,6.0,5.89,5.93,13863400.0,0.0,海峡股份
002320,2025-04-21,5.9,6.0,5.88,5.98,13485700.0,0.0,海峡股份
002320,2025-04-22,6.06,6.14,6.01,6.07,22313200.0,0.0,海峡股份
002320,2025-04-23,6.03,6.1,5.97,5.99,18352000.0,0.0,海峡股份
002320,2025-04-24,5.98,6.0,5.89,5.9,12935000.0,0.0,海峡股份
002320,2025-04-25,5.9,5.99,5.9,5.96,10516300.0,0.0,海峡股份
002320,2025-04-28,6.04,6.04,5.9,5.92,16326700.0,0.0,海峡股份
002320,2025-04-29,5.85,5.97,5.83,5.92,11530300.0,0.0,海峡股份
002320,2025-04-30,5.94,6.03,5.9,5.91,18127400.0,0.0,海峡股份
002320,2025-05-06,5.95,6.02,5.92,6.02,15897500.0,0.0,海峡股份
002320,2025-05-07,6.08,6.09,5.96,6.0,17349100.0,0.0,海峡股份
002320,2025-05-08,6.0,6.03,5.95,6.01,14333700.0,0.0,海峡股份
002320,2025-05-09,6.02,6.02,5.9,5.94,12961500.0,0.0,海峡股份
002320,2025-05-12,5.97,5.98,5.93,5.96,10656800.0,0.0,海峡股份
002320,2025-05-13,6.02,6.06,5.95,6.01,17422000.0,0.0,海峡股份
002320,2025-05-14,6.01,6.13,5.98,6.13,31734300.0,0.0,海峡股份
002320,2025-05-15,6.14,6.24,6.07,6.07,22451800.0,0.0,海峡股份
002320,2025-05-16,6.03,6.08,6.0,6.03,13231100.0,0.0,海峡股份
002320,2025-05-19,6.01,6.13,6.01,6.12,15937300.0,0.0,海峡股份
002320,2025-05-20,6.11,6.12,6.01,6.06,16658700.0,0.0,海峡股份
002320,2025-05-21,6.03,6.07,6.01,6.05,9170600.0,0.0,海峡股份
002320,2025-05-22,6.02,6.03,5.94,5.96,13361900.0,0.0,海峡股份
002320,2025-05-23,5.97,5.99,5.87,5.87,12162500.0,0.0,海峡股份
002320,2025-05-26,5.87,5.92,5.86,5.9,6800300.0,0.0,海峡股份
002320,2025-05-27,5.9,5.93,5.84,5.92,9383100.0,0.0,海峡股份
002320,2025-05-28,5.94,5.94,5.87,5.87,7207700.0,0.0,海峡股份
002320,2025-05-29,5.88,5.94,5.86,5.91,8611500.0,0.0,海峡股份
002320,2025-05-30,5.91,5.95,5.87,5.91,9512800.0,0.0,海峡股份
002320,2025-06-03,5.88,5.9,5.84,5.89,7935000.0,0.0,海峡股份
002320,2025-06-04,5.89,6.0,5.87,5.98,11272400.0,0.0,海峡股份
002320,2025-06-05,5.98,5.99,5.91,5.92,9820600.0,0.0,海峡股份
002320,2025-06-06,5.94,6.26,5.93,6.05,33166800.0,0.0,海峡股份
002320,2025-06-09,6.01,6.07,5.97,6.06,16799600.0,0.0,海峡股份
002320,2025-06-10,6.06,6.12,6.02,6.11,21910000.0,0.0,海峡股份
002320,2025-06-11,6.1,6.15,6.07,6.07,16209700.0,0.0,海峡股份
002320,2025-06-12,6.05,6.06,6.0,6.03,10434600.0,0.0,海峡股份
002320,2025-06-13,6.02,6.08,6.0,6.01,14841500.0,0.0,海峡股份
002320,2025-06-16,5.99,5.99,5.93,5.96,10366100.0,0.0,海峡股份
002320,2025-06-17,5.96,6.03,5.92,6.03,10715300.0,0.0,海峡股份
002320,2025-06-18,6.03,6.3,6.0,6.14,34995200.0,0.0,海峡股份
002320,2025-06-19,6.12,6.16,5.95,5.98,20867800.0,0.0,海峡股份
002320,2025-06-20,5.98,6.35,5.96,6.15,44046400.0,0.0,海峡股份
002320,2025-06-23,6.23,6.3,6.08,6.24,33937300.0,0.0,海峡股份
002320,2025-06-24,6.13,6.26,6.11,6.23,29535300.0,0.0,海峡股份
002320,2025-06-25,6.25,6.34,6.17,6.32,31913100.0,0.0,海峡股份
002320,2025-06-26,6.28,6.48,6.24,6.44,35991700.0,0.0,海峡股份
002320,2025-06-27,6.41,6.48,6.32,6.32,23973100.0,0.0,海峡股份
002320,2025-06-30,6.33,6.59,6.33,6.54,28833500.0,0.0,海峡股份
002320,2025-07-01,6.53,6.58,6.42,6.5,21955400.0,0.0,海峡股份
002320,2025-07-02,6.61,6.65,6.44,6.48,20526900.0,0.0,海峡股份
002320,2025-07-03,6.46,6.58,6.44,6.45,24910300.0,0.0,海峡股份
002320,2025-07-04,6.43,6.63,6.41,6.55,29148900.0,0.0,海峡股份
002320,2025-07-07,6.49,6.54,6.44,6.48,12725000.0,0.0,海峡股份
002320,2025-07-08,6.48,6.68,6.46,6.65,35383800.0,0.0,海峡股份
002320,2025-07-09,6.64,6.75,6.57,6.59,26299400.0,0.0,海峡股份
002320,2025-07-10,6.59,6.64,6.57,6.61,12653500.0,0.0,海峡股份
002320,2025-07-11,6.62,6.62,6.51,6.55,21829700.0,0.0,海峡股份
002320,2025-07-14,6.55,6.66,6.53,6.6,19034700.0,0.0,海峡股份
002320,2025-07-15,6.59,6.63,6.45,6.56,15042000.0,0.0,海峡股份
002320,2025-07-16,6.54,6.78,6.53,6.64,26625900.0,0.0,海峡股份
002320,2025-07-17,6.65,7.0,6.61,6.97,55055500.0,0.0,海峡股份
002320,2025-07-18,6.95,7.15,6.87,7.15,46897800.0,0.0,海峡股份
002320,2025-07-21,7.2,7.87,7.2,7.56,160237700.0,0.0,海峡股份
002320,2025-07-22,7.6,8.2,7.26,8.18,181156900.0,0.0,海峡股份
002320,2025-07-23,8.11,8.25,7.39,7.41,169002100.0,0.0,海峡股份
002320,2025-07-24,7.61,8.15,7.56,8.15,102937400.0,0.0,海峡股份
002320,2025-07-25,8.96,8.97,8.08,8.18,224292700.0,0.0,海峡股份
002320,2025-07-28,8.02,8.32,7.93,8.0,117713200.0,0.0,海峡股份
002320,2025-07-29,8.05,8.54,8.0,8.34,120882300.0,0.0,海峡股份
002320,2025-07-30,8.25,8.78,8.25,8.66,124812100.0,0.0,海峡股份
002320,2025-07-31,8.45,8.46,8.04,8.13,90533200.0,0.0,海峡股份
002320,2025-08-01,8.08,8.21,7.82,7.84,63381700.0,0.0,海峡股份
002320,2025-08-04,7.82,7.93,7.72,7.76,45380100.0,0.0,海峡股份
002320,2025-08-05,7.77,7.8,7.68,7.71,42867700.0,0.0,海峡股份
002320,2025-08-06,7.67,7.71,7.61,7.69,33890200.0,0.0,海峡股份
002320,2025-08-07,7.67,7.77,7.58,7.73,38826900.0,0.0,海峡股份
002320,2025-08-08,7.73,7.95,7.67,7.89,46716200.0,0.0,海峡股份
002320,2025-08-11,7.9,8.1,7.8,8.06,44722800.0,0.0,海峡股份
002320,2025-08-12,8.02,8.1,7.95,8.01,33992100.0,0.0,海峡股份
002320,2025-08-13,8.04,8.13,7.98,8.02,39215100.0,0.0,海峡股份
002320,2025-08-14,7.99,8.0,7.83,7.87,38162200.0,0.0,海峡股份
002320,2025-08-15,7.85,7.91,7.81,7.89,27479000.0,0.0,海峡股份
002320,2025-08-18,7.88,8.44,7.84,8.3,72532700.0,0.0,海峡股份
002320,2025-08-19,8.3,8.64,8.27,8.43,72650200.0,0.0,海峡股份
002320,2025-08-20,8.39,8.47,8.31,8.46,41828500.0,0.0,海峡股份
002320,2025-08-21,8.39,8.49,8.32,8.36,35744700.0,0.0,海峡股份
002320,2025-08-22,8.34,8.38,8.25,8.28,30560600.0,0.0,海峡股份
002320,2025-08-25,8.31,8.38,8.23,8.31,37835700.0,0.0,海峡股份
002320,2025-08-26,8.25,8.66,8.19,8.49,56556400.0,0.0,海峡股份
002320,2025-08-27,8.4,8.58,8.3,8.3,41308700.0,0.0,海峡股份
002320,2025-08-28,8.3,8.53,8.12,8.43,44588400.0,0.0,海峡股份
002320,2025-08-29,8.32,8.63,8.24,8.36,50084800.0,0.0,海峡股份
002320,2025-09-01,8.33,8.5,8.22,8.31,35871800.0,0.0,海峡股份
002320,2025-09-02,8.28,8.34,7.99,8.09,41443000.0,0.0,海峡股份
002320,2025-09-03,8.12,8.17,7.88,7.92,25190200.0,0.0,海峡股份
002320,2025-09-04,7.93,8.07,7.83,7.96,32511200.0,0.0,海峡股份
002320,2025-09-05,7.96,8.13,7.8,8.1,30629300.0,0.0,海峡股份
002320,2025-09-08,8.06,8.26,8.05,8.1,28074700.0,0.0,海峡股份
002320,2025-09-09,8.09,8.13,7.97,8.02,20275400.0,0.0,海峡股份
002320,2025-09-10,8.02,8.33,7.98,8.06,33830300.0,0.0,海峡股份
002320,2025-09-11,8.25,8.58,8.13,8.5,88520800.0,0.0,海峡股份
002320,2025-09-12,8.47,8.65,8.41,8.5,63639500.0,0.0,海峡股份
002320,2025-09-15,8.45,8.52,8.34,8.4,34980200.0,0.0,海峡股份
002320,2025-09-16,8.42,9.24,8.37,9.17,109136100.0,0.0,海峡股份
002320,2025-09-17,9.16,9.22,8.84,8.86,73160700.0,0.0,海峡股份
002320,2025-09-18,8.88,9.75,8.86,9.35,109735300.0,0.0,海峡股份
002320,2025-09-19,9.35,9.48,9.22,9.34,67512300.0,0.0,海峡股份
002320,2025-09-22,9.38,9.53,9.21,9.37,52656700.0,0.0,海峡股份
002320,2025-09-23,9.27,9.3,8.69,8.89,68557800.0,0.0,海峡股份
002320,2025-09-24,8.86,9.13,8.76,9.01,37937000.0,0.0,海峡股份
002320,2025-09-25,8.91,9.0,8.79,8.84,35402600.0,0.0,海峡股份
002320,2025-09-26,8.83,9.38,8.81,9.15,55900100.0,0.0,海峡股份
002320,2025-09-29,9.26,9.5,9.09,9.44,53750300.0,0.0,海峡股份
002320,2025-09-30,9.42,10.36,9.42,10.2,81214400.0,0.0,海峡股份
002320,2025-10-09,10.02,10.26,9.89,10.17,62935200.0,0.0,海峡股份
002320,2025-10-10,10.17,11.06,10.11,10.73,78378600.0,0.0,海峡股份
002320,2025-10-13,10.41,11.45,10.3,11.22,90781300.0,0.0,海峡股份
002320,2025-10-14,11.11,12.33,11.11,11.53,121758000.0,0.0,海峡股份
002320,2025-10-15,11.6,11.73,11.24,11.57,72778200.0,0.0,海峡股份
002320,2025-10-16,11.7,12.73,11.49,12.73,146409700.0,0.0,海峡股份
002320,2025-10-17,12.99,14.0,12.58,14.0,161206700.0,0.0,海峡股份
002320,2025-10-20,14.0,15.19,13.72,14.3,235714400.0,0.0,海峡股份
002320,2025-10-21,13.8,15.08,13.25,14.7,201456400.0,0.0,海峡股份
002320,2025-10-22,14.49,14.84,13.41,13.59,165251200.0,0.0,海峡股份
002320,2025-10-23,13.79,13.9,13.01,13.23,129950700.0,0.0,海峡股份
002320,2025-10-24,13.12,14.2,13.12,13.49,115324000.0,0.0,海峡股份
002320,2025-10-27,13.51,13.78,12.91,12.93,126444800.0,0.0,海峡股份
002320,2025-10-28,13.18,13.69,12.97,13.47,111816200.0,0.0,海峡股份
002320,2025-10-29,13.47,14.64,13.47,14.02,144979000.0,0.0,海峡股份
002320,2025-10-30,13.81,14.0,13.4,13.45,95556100.0,0.0,海峡股份
002320,2025-10-31,13.79,14.05,13.4,13.51,92638800.0,0.0,海峡股份
002320,2025-11-03,13.6,14.85,13.51,14.36,143282500.0,0.0,海峡股份
002320,2025-11-04,14.42,14.6,13.8,14.0,125919900.0,0.0,海峡股份
002320,2025-11-05,14.16,15.4,13.99,15.4,64882900.0,0.0,海峡股份
002320,2025-11-06,16.24,16.24,14.05,14.22,185685900.0,0.0,海峡股份
002320,2025-11-07,15.17,15.4,14.2,14.84,148253300.0,0.0,海峡股份
002320,2025-11-10,14.57,15.33,14.31,14.6,124676100.0,0.0,海峡股份
002320,2025-11-11,14.2,14.2,13.68,13.74,103269700.0,0.0,海峡股份
002320,2025-11-12,13.39,13.71,13.0,13.17,76179200.0,0.0,海峡股份
002320,2025-11-13,13.08,13.49,12.93,13.23,55633900.0,0.0,海峡股份
002320,2025-11-14,13.13,14.47,13.07,14.09,114319500.0,0.0,海峡股份
002320,2025-11-17,14.04,14.46,13.7,14.23,99852500.0,0.0,海峡股份
002320,2025-11-18,14.18,14.84,14.01,14.13,86318400.0,0.0,海峡股份
002320,2025-11-19,13.99,14.12,13.1,13.27,74021000.0,0.0,海峡股份
002320,2025-11-20,13.29,13.9,13.24,13.53,61467600.0,0.0,海峡股份
002320,2025-11-21,13.3,13.55,12.78,13.0,63143200.0,0.0,海峡股份
002320,2025-11-24,13.04,13.24,12.0,12.34,78473400.0,0.0,海峡股份
002320,2025-11-25,12.37,12.6,12.22,12.54,55709300.0,0.0,海峡股份
002320,2025-11-26,12.47,12.99,12.36,12.6,57469200.0,0.0,海峡股份
002320,2025-11-27,12.57,12.75,12.22,12.28,44266700.0,0.0,海峡股份
002320,2025-11-28,12.38,12.67,12.17,12.66,44733800.0,0.0,海峡股份
002320,2025-12-01,12.6,12.9,12.53,12.84,42889800.0,0.0,海峡股份
002320,2025-12-02,12.76,13.35,12.35,13.06,68281600.0,0.0,海峡股份
002320,2025-12-03,12.93,13.25,12.58,12.69,53114400.0,0.0,海峡股份
002320,2025-12-04,12.51,12.64,12.16,12.35,41255700.0,0.0,海峡股份
002320,2025-12-05,12.35,12.53,12.02,12.48,35559800.0,0.0,海峡股份
002320,2025-12-08,12.46,13.23,12.46,13.17,69350900.0,0.0,海峡股份
002320,2025-12-09,13.17,13.18,12.38,12.43,64601000.0,0.0,海峡股份
002320,2025-12-10,12.57,13.44,12.48,13.4,111666700.0,0.0,海峡股份
002320,2025-12-11,13.4,13.52,12.72,12.82,89141600.0,0.0,海峡股份
002320,2025-12-12,12.65,12.66,12.36,12.52,49857200.0,0.0,海峡股份
002320,2025-12-15,12.52,12.76,12.07,12.61,40331200.0,0.0,海峡股份
002320,2025-12-16,12.59,12.81,12.13,12.35,40332000.0,0.0,海峡股份
002320,2025-12-17,12.36,12.36,11.12,11.39,76205100.0,0.0,海峡股份
002320,2025-12-18,11.39,11.39,10.55,10.57,77451100.0,0.0,海峡股份
002320,2025-12-19,10.57,11.63,10.36,11.47,109901200.0,0.0,海峡股份
002320,2025-12-22,11.83,12.62,11.83,12.62,67902800.0,0.0,海峡股份
002320,2025-12-23,13.88,13.88,13.05,13.43,212292700.0,0.0,海峡股份
002320,2025-12-24,13.0,13.4,12.82,13.2,142612900.0,0.0,海峡股份
002320,2025-12-25,13.21,13.3,12.51,12.51,101335800.0,0.0,海峡股份
002320,2025-12-26,12.41,13.45,12.38,13.13,136292100.0,0.0,海峡股份
002320,2025-12-29,13.0,13.48,12.69,12.71,105360200.0,0.0,海峡股份
002320,2025-12-30,12.54,12.58,11.94,12.01,84158700.0,0.0,海峡股份
002320,2025-12-31,12.13,12.39,11.78,12.17,62592900.0,0.0,海峡股份
002320,2026-01-05,11.9,11.93,11.4,11.49,73850800.0,0.0,海峡股份
002320,2026-01-06,11.45,11.66,11.38,11.46,48017100.0,0.0,海峡股份
002320,2026-01-07,11.39,11.62,11.31,11.35,44409200.0,0.0,海峡股份
002320,2026-01-08,11.35,11.49,11.23,11.25,43033200.0,0.0,海峡股份
002320,2026-01-09,11.24,11.46,11.16,11.27,43382000.0,0.0,海峡股份
002320,2026-01-12,11.18,11.44,11.08,11.29,66553300.0,0.0,海峡股份
002320,2026-01-13,11.27,11.43,10.9,10.96,58441100.0,0.0,海峡股份
002320,2026-01-14,10.9,11.06,10.72,10.85,52014800.0,0.0,海峡股份
002320,2026-01-15,10.76,10.82,10.61,10.71,33310100.0,0.0,海峡股份
002320,2026-01-16,10.75,10.82,10.61,10.67,26041300.0,0.0,海峡股份
002320,2026-01-19,10.68,11.22,10.68,11.08,61071300.0,0.0,海峡股份
002320,2026-01-20,11.09,11.1,10.6,10.68,42554300.0,0.0,海峡股份
002320,2026-01-21,10.58,10.64,10.43,10.5,28340700.0,0.0,海峡股份
002320,2026-01-22,10.55,10.65,10.51,10.6,20504900.0,0.0,海峡股份
002320,2026-01-23,10.63,10.9,10.61,10.84,32901700.0,0.0,海峡股份
002320,2026-01-26,10.84,10.86,10.54,10.58,30371900.0,0.0,海峡股份
002320,2026-01-27,10.58,10.59,10.25,10.48,26317500.0,0.0,海峡股份
002320,2026-01-28,10.48,10.59,10.43,10.52,21962100.0,0.0,海峡股份
002320,2026-01-29,10.46,10.68,10.37,10.56,26803700.0,0.0,海峡股份
002320,2026-01-30,10.59,10.85,10.52,10.61,39035500.0,0.0,海峡股份
002320,2026-02-02,10.58,10.75,10.35,10.36,29046000.0,0.0,海峡股份
002320,2026-02-03,10.4,10.57,10.32,10.57,22942300.0,0.0,海峡股份
002320,2026-02-04,10.57,10.78,10.45,10.77,29405400.0,0.0,海峡股份
002320,2026-02-05,10.72,11.0,10.65,10.8,47023000.0,0.0,海峡股份
002320,2026-02-06,10.67,10.68,10.27,10.47,37680100.0,0.0,海峡股份
002320,2026-02-09,10.53,10.78,10.53,10.75,32550000.0,0.0,海峡股份
002320,2026-02-10,10.74,10.78,10.48,10.58,20245000.0,0.0,海峡股份
002320,2026-02-11,10.55,10.72,10.49,10.58,18380700.0,0.0,海峡股份
002320,2026-02-12,10.56,10.63,10.45,10.49,17898700.0,0.0,海峡股份
002320,2026-02-13,10.48,10.73,10.48,10.63,23990200.0,0.0,海峡股份
002320,2026-02-24,10.56,10.56,10.2,10.32,35366900.0,0.0,海峡股份
002320,2026-02-25,10.32,10.65,10.28,10.5,30602700.0,0.0,海峡股份
002320,2026-02-26,10.46,10.5,10.1,10.16,41589000.0,0.0,海峡股份
002320,2026-02-27,10.12,10.31,10.1,10.3,25542200.0,0.0,海峡股份
002320,2026-03-02,10.1,10.28,10.01,10.19,28210100.0,0.0,海峡股份
002320,2026-03-03,10.18,10.56,10.13,10.26,44974600.0,0.0,海峡股份
002320,2026-03-04,10.17,10.17,9.8,9.99,39359000.0,0.0,海峡股份
002320,2026-03-05,10.15,10.16,9.9,9.99,24434000.0,0.0,海峡股份
002320,2026-03-06,9.94,10.07,9.87,10.01,17996200.0,0.0,海峡股份
002320,2026-03-09,9.91,9.99,9.57,9.72,30444000.0,0.0,海峡股份
002320,2026-03-10,9.78,9.9,9.74,9.85,20248300.0,0.0,海峡股份
002320,2026-03-11,9.82,9.87,9.72,9.78,17668100.0,0.0,海峡股份
002320,2026-03-12,9.72,9.75,9.56,9.63,18537300.0,0.0,海峡股份
002320,2026-03-13,9.56,9.71,9.45,9.48,19533900.0,0.0,海峡股份
002320,2026-03-16,9.52,9.6,9.42,9.57,20187000.0,0.0,海峡股份
002320,2026-03-17,9.57,9.69,9.44,9.47,18537300.0,0.0,海峡股份
002320,2026-03-18,9.5,9.52,9.36,9.48,13948300.0,0.0,海峡股份
002320,2026-03-19,9.4,9.4,9.16,9.22,18059900.0,0.0,海峡股份
002320,2026-03-20,9.22,9.28,9.08,9.1,16694300.0,0.0,海峡股份
002320,2026-03-23,8.92,9.02,8.64,8.69,29653500.0,0.0,海峡股份
002320,2026-03-24,8.85,8.97,8.72,8.97,23658600.0,0.0,海峡股份
002320,2026-03-25,8.97,9.11,8.92,9.09,16243300.0,0.0,海峡股份
002320,2026-03-26,9.09,9.19,8.97,9.01,14858600.0,0.0,海峡股份
002320,2026-03-27,8.94,9.17,8.9,9.13,14023600.0,0.0,海峡股份
002320,2026-03-30,9.03,9.18,8.95,9.15,16819500.0,0.0,海峡股份
002320,2026-03-31,9.02,9.03,8.54,8.56,40758400.0,0.0,海峡股份
002320,2026-04-01,8.67,8.82,8.63,8.77,27129900.0,0.0,海峡股份
002320,2026-04-02,8.79,8.8,8.51,8.58,17232000.0,0.0,海峡股份
002320,2026-04-03,8.65,8.65,8.36,8.37,12226800.0,0.0,海峡股份
002320,2026-04-07,8.37,8.42,8.24,8.31,13026700.0,0.0,海峡股份
002320,2026-04-08,8.43,8.63,8.43,8.61,19040400.0,0.0,海峡股份
002320,2026-04-09,8.52,8.52,8.39,8.41,13566700.0,0.0,海峡股份
002320,2026-04-10,8.48,8.59,8.45,8.51,14014200.0,0.0,海峡股份
002320,2026-04-13,8.55,8.64,8.47,8.58,15437400.0,0.0,海峡股份
002320,2026-04-14,8.58,8.66,8.5,8.64,14822600.0,0.0,海峡股份
002320,2026-04-15,8.67,8.72,8.54,8.55,15958600.0,0.0,海峡股份
002320,2026-04-16,8.57,8.62,8.51,8.59,11723000.0,0.0,海峡股份
002320,2026-04-17,8.59,8.59,8.43,8.5,12565100.0,0.0,海峡股份
002320,2026-04-20,8.52,8.68,8.48,8.53,15021900.0,0.0,海峡股份
002320,2026-04-21,8.51,8.55,8.4,8.44,10946300.0,0.0,海峡股份
002320,2026-04-22,8.4,8.43,8.27,8.36,13189300.0,0.0,海峡股份
002320,2026-04-23,8.36,8.38,8.22,8.26,12503700.0,0.0,海峡股份
002320,2026-04-24,8.23,8.29,8.17,8.22,11236000.0,0.0,海峡股份
002320,2026-04-27,8.25,8.38,8.15,8.34,13375900.0,0.0,海峡股份
002320,2026-04-28,8.35,8.53,8.26,8.34,21617600.0,0.0,海峡股份
002320,2026-04-29,8.27,8.4,8.26,8.35,15871800.0,0.0,海峡股份
002320,2026-04-30,8.37,8.56,8.32,8.5,18123100.0,0.0,海峡股份
002320,2026-05-06,8.46,8.54,8.38,8.52,19899000.0,0.0,海峡股份
002320,2026-05-07,8.52,8.62,8.45,8.53,16115800.0,0.0,海峡股份
002320,2026-05-08,8.52,8.72,8.49,8.65,25215500.0,0.0,海峡股份
002320,2026-05-11,8.66,8.67,8.37,8.46,27079300.0,0.0,海峡股份
002320,2026-05-12,8.45,8.45,8.17,8.24,25371900.0,0.0,海峡股份
002320,2026-05-13,8.24,8.65,8.17,8.57,38882000.0,0.0,海峡股份
002320,2026-05-14,8.57,8.59,8.25,8.25,27624800.0,0.0,海峡股份
002320,2026-05-15,8.26,8.29,7.95,8.02,27426800.0,0.0,海峡股份
002320,2026-05-18,7.96,8.14,7.95,8.04,19655800.0,0.0,海峡股份
002320,2026-05-19,8.07,8.28,8.02,8.2,22648400.0,0.0,海峡股份
002320,2026-05-20,8.15,8.18,8.05,8.11,15538000.0,0.0,海峡股份
002320,2026-05-21,8.13,8.25,7.93,7.93,23096400.0,0.0,海峡股份
002320,2026-05-22,7.98,8.03,7.85,7.93,18281400.0,0.0,海峡股份
002320,2026-05-25,8.01,8.12,7.91,7.97,17051800.0,0.0,海峡股份
002320,2026-05-26,7.92,8.0,7.65,7.82,18920000.0,0.0,海峡股份
002320,2026-05-27,7.8,7.83,7.56,7.59,17930800.0,0.0,海峡股份
002320,2026-05-28,7.58,7.64,7.41,7.57,18097200.0,0.0,海峡股份
002320,2026-05-29,7.57,7.74,7.54,7.62,21084500.0,0.0,海峡股份
002320,2026-06-01,7.67,7.77,7.54,7.68,19115500.0,0.0,海峡股份
002320,2026-06-02,7.69,7.7,7.43,7.44,17097000.0,0.0,海峡股份
002320,2026-06-03,7.45,7.48,7.36,7.42,14187000.0,0.0,海峡股份
002320,2026-06-04,7.38,7.42,7.19,7.22,17784400.0,0.0,海峡股份
002320,2026-06-05,7.23,7.38,7.2,7.22,15532400.0,0.0,海峡股份
002320,2026-06-08,7.12,7.27,6.9,6.97,21752400.0,0.0,海峡股份
002320,2026-06-09,7.0,7.04,6.88,6.96,13891100.0,0.0,海峡股份
002320,2026-06-10,6.93,6.96,6.81,6.88,13846900.0,0.0,海峡股份
002320,2026-06-11,6.86,6.87,6.69,6.77,15699100.0,0.0,海峡股份
002320,2026-06-12,6.83,7.02,6.78,6.93,18590500.0,0.0,海峡股份
002320,2026-06-15,7.02,7.41,7.01,7.08,28331000.0,0.0,海峡股份
002320,2026-06-16,7.05,7.09,6.95,7.03,15535500.0,0.0,海峡股份
002320,2026-06-17,6.99,7.03,6.8,6.86,17210600.0,0.0,海峡股份
002320,2026-06-18,6.82,6.93,6.73,6.77,16658700.0,0.0,海峡股份
002320,2026-06-22,6.76,6.76,6.51,6.73,20318900.0,0.0,海峡股份
002320,2026-06-23,6.7,6.92,6.65,6.75,16314100.0,0.0,海峡股份
002320,2026-06-24,6.77,6.78,6.55,6.6,15305700.0,0.0,海峡股份
002320,2026-06-25,6.59,6.68,6.53,6.54,12414000.0,0.0,海峡股份
002320,2026-06-26,6.54,6.54,6.36,6.42,16540200.0,0.0,海峡股份
002320,2026-06-29,6.36,6.42,6.24,6.35,15707800.0,0.0,海峡股份
002320,2026-06-30,6.34,6.4,6.23,6.27,14681700.0,0.0,海峡股份
002320,2026-07-01,6.27,6.53,6.27,6.43,21058900.0,0.0,海峡股份
002320,2026-07-02,6.47,6.8,6.45,6.53,24115800.0,0.0,海峡股份
002320,2026-07-03,6.54,6.67,6.48,6.55,15636700.0,0.0,海峡股份
002320,2026-07-06,6.59,6.68,6.49,6.53,15697700.0,0.0,海峡股份
002320,2026-07-07,6.53,6.56,6.29,6.3,12628000.0,0.0,海峡股份
002320,2026-07-08,6.28,6.41,6.22,6.26,13840200.0,0.0,海峡股份
002320,2026-07-09,6.23,6.29,6.1,6.19,15514400.0,0.0,海峡股份
002320,2026-07-10,6.19,6.47,6.12,6.38,19234800.0,0.0,海峡股份
002320,2026-07-13,6.38,6.38,6.11,6.12,19899000.0,0.0,海峡股份
002320,2026-07-14,6.12,6.29,6.09,6.28,20657100.0,0.0,海峡股份
002320,2026-07-15,6.27,6.46,6.24,6.36,19128900.0,0.0,海峡股份
002320,2026-07-16,6.34,6.47,6.26,6.39,16482000.0,0.0,海峡股份
002320,2026-07-17,6.36,6.48,6.11,6.15,22210500.0,0.0,海峡股份
002320,2026-07-20,6.17,6.41,6.17,6.31,28274400.0,0.0,海峡股份
002320,2026-07-21,6.29,6.37,6.23,6.29,27514500.0,0.0,海峡股份
002320,2026-07-22,6.26,6.31,6.19,6.26,21088600.0,0.0,海峡股份
002320,2026-07-23,6.26,6.44,6.2,6.44,19559600.0,0.0,海峡股份
002320,2026-07-24,6.39,6.44,6.21,6.22,17113500.0,0.0,海峡股份
002320,2026-07-27,6.2,6.41,6.18,6.39,16471100.0,0.0,海峡股份
002320,2026-07-28,6.32,6.49,6.32,6.44,18255200.0,0.0,海峡股份
002320,2026-07-29,6.43,6.65,6.42,6.6,21532700.0,0.0,海峡股份
002320,2026-07-30,6.59,6.82,6.57,6.69,24640600.0,0.0,海峡股份
002320,2026-07-31,6.7,6.73,6.59,6.72,21358100.0,0.0,海峡股份
002320,2026-08-03,6.73,6.95,6.73,6.95,22270300.0,0.0,海峡股份
002320,2026-08-04,6.98,6.99,6.81,6.83,19331100.0,0.0,海峡股份
002320,2026-08-05,6.83,6.95,6.81,6.88,15717000.0,0.0,海峡股份
002320,2026-08-06,6.87,6.89,6.72,6.8,14602000.0,0.0,海峡股份
002320,2026-08-07,6.8,6.83,6.65,6.72,13825200.0,0.0,海峡股份
002320,2026-08-10,6.76,6.84,6.69,6.81,13526100.0,0.0,海峡股份
002320,2026-08-11,6.81,6.82,6.7,6.71,9882200.0,0.0,海峡股份
002320,2026-08-12,6.73,6.77,6.67,6.7,11703600.0,0.0,海峡股份
002320,2026-08-13,6.7,6.72,6.58,6.58,15748000.0,0.0,海峡股份
002320,2026-08-14,6.56,6.58,6.37,6.45,15447600.0,0.0,海峡股份
002320,2026-08-17,6.47,6.57,6.39,6.54,14672100.0,0.0,海峡股份
002320,2026-08-18,6.56,6.65,6.52,6.59,15190300.0,0.0,海峡股份
002320,2026-08-19,6.56,6.59,6.37,6.4,16163600.0,0.0,海峡股份
002320,2026-08-20,6.43,6.52,6.39,6.49,12974700.0,0.0,海峡股份
002320,2026-08-21,6.48,6.49,6.36,6.39,12190500.0,0.0,海峡股份
002320,2026-08-24,6.4,6.47,6.34,6.38,12469000.0,0.0,海峡股份
002320,2026-08-25,6.4,6.56,6.38,6.52,16356100.0,0.0,海峡股份
002320,2026-08-26,6.52,6.6,6.45,6.48,17374500.0,0.0,海峡股份
002320,2026-08-27,6.47,6.99,6.38,6.57,61205500.0,0.0,海峡股份
002320,2026-08-28,6.63,6.96,6.49,6.81,78251700.0,0.0,海峡股份
002320,2026-08-31,6.72,6.81,6.57,6.62,60157600.0,0.0,海峡股份
002320,2026-09-01,6.6,7.08,6.58,6.92,81984400.0,0.0,海峡股份
002320,2026-09-02,7.0,7.0,6.78,6.88,47175800.0,0.0,海峡股份
002320,2026-09-03,6.9,7.12,6.85,6.86,70771800.0,0.0,海峡股份
002320,2026-09-04,6.87,7.19,6.78,7.09,80469500.0,0.0,海峡股份
