code,date,open,high,low,close,volume,amount,name
603099,2023-05-23,9.8,9.91,9.74,9.78,2707400.0,0.0,长白山
603099,2023-05-24,9.68,9.71,9.56,9.56,3001400.0,0.0,长白山
603099,2023-05-25,9.53,9.6,9.34,9.44,2165000.0,0.0,长白山
603099,2023-05-26,9.44,9.63,9.4,9.58,2676800.0,0.0,长白山
603099,2023-05-29,9.58,9.71,9.52,9.63,1953800.0,0.0,长白山
603099,2023-05-30,9.62,9.9,9.58,9.83,2855700.0,0.0,长白山
603099,2023-05-31,9.85,10.81,9.78,10.81,14043700.0,0.0,长白山
603099,2023-06-01,10.81,11.89,10.65,11.8,24853500.0,0.0,长白山
603099,2023-06-02,11.51,11.58,10.9,11.0,16130500.0,0.0,长白山
603099,2023-06-05,11.06,12.1,11.06,11.81,16669500.0,0.0,长白山
603099,2023-06-06,11.94,12.26,11.43,11.51,12121700.0,0.0,长白山
603099,2023-06-07,11.49,12.55,11.25,12.31,16308900.0,0.0,长白山
603099,2023-06-08,12.31,12.45,12.03,12.26,9408800.0,0.0,长白山
603099,2023-06-09,12.15,12.69,12.15,12.24,6869200.0,0.0,长白山
603099,2023-06-12,12.18,12.34,11.9,12.05,5474400.0,0.0,长白山
603099,2023-06-13,12.04,13.1,12.04,12.38,10348300.0,0.0,长白山
603099,2023-06-14,12.23,12.47,11.87,12.24,7229900.0,0.0,长白山
603099,2023-06-15,12.2,12.37,12.04,12.15,4169500.0,0.0,长白山
603099,2023-06-16,12.16,12.26,12.0,12.05,4031400.0,0.0,长白山
603099,2023-06-19,12.05,12.24,11.83,11.88,3473600.0,0.0,长白山
603099,2023-06-20,11.98,11.98,11.51,11.57,4270600.0,0.0,长白山
603099,2023-06-21,11.53,11.73,11.28,11.31,3778500.0,0.0,长白山
603099,2023-06-26,11.2,12.44,11.2,12.44,7770200.0,0.0,长白山
603099,2023-06-27,12.69,13.68,12.51,13.68,16637700.0,0.0,长白山
603099,2023-06-28,13.68,13.78,13.1,13.5,25225400.0,0.0,长白山
603099,2023-06-29,13.4,13.63,12.75,12.85,16703200.0,0.0,长白山
603099,2023-06-30,12.85,13.1,12.57,12.82,11743800.0,0.0,长白山
603099,2023-07-03,12.75,14.1,12.49,14.1,22595700.0,0.0,长白山
603099,2023-07-04,14.07,14.8,13.75,14.13,23575800.0,0.0,长白山
603099,2023-07-05,13.99,14.48,13.77,14.07,12209700.0,0.0,长白山
603099,2023-07-06,13.96,14.07,13.43,13.57,10014100.0,0.0,长白山
603099,2023-07-07,13.85,13.88,13.36,13.51,8736000.0,0.0,长白山
603099,2023-07-10,13.53,14.14,13.4,14.12,12969100.0,0.0,长白山
603099,2023-07-11,13.86,14.14,13.55,13.91,9280800.0,0.0,长白山
603099,2023-07-12,14.13,15.3,13.9,15.08,20884100.0,0.0,长白山
603099,2023-07-13,14.98,15.4,14.4,14.95,12961800.0,0.0,长白山
603099,2023-07-14,15.03,15.16,14.5,14.63,7684800.0,0.0,长白山
603099,2023-07-17,14.52,14.56,14.13,14.53,6690600.0,0.0,长白山
603099,2023-07-18,14.39,15.0,14.22,14.99,8588400.0,0.0,长白山
603099,2023-07-19,14.97,15.3,14.53,14.57,4714100.0,0.0,长白山
603099,2023-07-20,14.65,14.94,14.27,14.31,5313400.0,0.0,长白山
603099,2023-07-21,14.32,14.51,14.01,14.05,5335100.0,0.0,长白山
603099,2023-07-24,14.03,14.78,13.95,14.09,5648400.0,0.0,长白山
603099,2023-07-25,14.02,14.24,13.99,14.12,4200600.0,0.0,长白山
603099,2023-07-26,14.16,14.48,14.1,14.19,3366900.0,0.0,长白山
603099,2023-07-27,14.06,14.34,13.72,13.78,5805200.0,0.0,长白山
603099,2023-07-28,13.63,13.86,13.53,13.72,4672200.0,0.0,长白山
603099,2023-07-31,13.88,14.19,13.49,13.84,6375700.0,0.0,长白山
603099,2023-08-01,13.79,13.95,13.6,13.63,3596800.0,0.0,长白山
603099,2023-08-02,13.54,13.59,13.4,13.49,2688500.0,0.0,长白山
603099,2023-08-03,13.43,13.73,13.4,13.53,1839200.0,0.0,长白山
603099,2023-08-04,13.67,13.92,13.48,13.52,2750200.0,0.0,长白山
603099,2023-08-07,13.64,13.64,13.11,13.24,3759300.0,0.0,长白山
603099,2023-08-08,13.25,13.36,13.11,13.35,1859100.0,0.0,长白山
603099,2023-08-09,13.3,13.3,12.85,12.97,3563500.0,0.0,长白山
603099,2023-08-10,13.06,13.26,12.97,13.21,2548700.0,0.0,长白山
603099,2023-08-11,13.19,13.78,13.05,13.24,4223000.0,0.0,长白山
603099,2023-08-14,12.94,13.58,12.94,13.49,3811600.0,0.0,长白山
603099,2023-08-15,13.5,13.6,13.25,13.34,2100100.0,0.0,长白山
603099,2023-08-16,13.29,13.34,13.12,13.16,1824400.0,0.0,长白山
603099,2023-08-17,13.14,13.32,12.97,13.29,1713500.0,0.0,长白山
603099,2023-08-18,13.36,13.4,12.91,12.92,1865400.0,0.0,长白山
603099,2023-08-21,12.86,13.06,12.75,12.87,1861200.0,0.0,长白山
603099,2023-08-22,12.99,12.99,12.6,12.89,1782900.0,0.0,长白山
603099,2023-08-23,12.86,12.91,12.51,12.63,1261300.0,0.0,长白山
603099,2023-08-24,12.57,13.09,12.57,12.95,2244100.0,0.0,长白山
603099,2023-08-25,12.71,13.16,12.68,12.79,2554600.0,0.0,长白山
603099,2023-08-28,13.26,13.5,12.61,12.66,3311600.0,0.0,长白山
603099,2023-08-29,12.7,13.1,12.62,13.0,3152200.0,0.0,长白山
603099,2023-08-30,12.9,13.06,12.88,12.96,1512300.0,0.0,长白山
603099,2023-08-31,12.78,13.04,12.71,12.96,1940000.0,0.0,长白山
603099,2023-09-01,13.07,13.47,13.03,13.34,4698000.0,0.0,长白山
603099,2023-09-04,13.54,13.58,13.2,13.36,5612900.0,0.0,长白山
603099,2023-09-05,13.35,13.54,13.2,13.35,2742800.0,0.0,长白山
603099,2023-09-06,13.21,13.55,13.21,13.34,2743800.0,0.0,长白山
603099,2023-09-07,13.37,13.86,13.3,13.86,7551500.0,0.0,长白山
603099,2023-09-08,13.8,13.8,13.01,13.39,7592200.0,0.0,长白山
603099,2023-09-11,13.33,13.44,13.15,13.34,4943500.0,0.0,长白山
603099,2023-09-12,13.33,13.33,12.95,13.02,4165100.0,0.0,长白山
603099,2023-09-13,12.9,13.14,12.85,12.97,2575900.0,0.0,长白山
603099,2023-09-14,13.01,13.12,12.85,13.07,2476300.0,0.0,长白山
603099,2023-09-15,13.13,14.38,12.95,13.72,9084700.0,0.0,长白山
603099,2023-09-18,14.05,15.09,14.0,15.09,14477600.0,0.0,长白山
603099,2023-09-19,15.39,16.6,15.28,15.85,23205000.0,0.0,长白山
603099,2023-09-20,15.09,15.3,14.27,14.27,15874600.0,0.0,长白山
603099,2023-09-21,14.15,14.56,14.01,14.29,12678300.0,0.0,长白山
603099,2023-09-22,14.18,14.26,13.32,13.94,14179800.0,0.0,长白山
603099,2023-09-25,13.65,13.72,13.25,13.51,10248500.0,0.0,长白山
603099,2023-09-26,13.53,13.84,13.3,13.39,9805600.0,0.0,长白山
603099,2023-09-27,13.39,13.5,12.8,12.9,9158900.0,0.0,长白山
603099,2023-09-28,12.96,13.28,12.86,13.13,7502100.0,0.0,长白山
603099,2023-10-09,13.1,13.1,12.15,12.43,7983200.0,0.0,长白山
603099,2023-10-10,13.1,13.67,12.98,13.67,9810000.0,0.0,长白山
603099,2023-10-11,13.93,13.96,13.3,13.6,13844600.0,0.0,长白山
603099,2023-10-12,13.6,13.82,13.44,13.48,6791300.0,0.0,长白山
603099,2023-10-13,13.34,13.55,13.14,13.22,5673600.0,0.0,长白山
603099,2023-10-16,13.22,13.32,13.01,13.09,4260600.0,0.0,长白山
603099,2023-10-17,13.06,13.26,13.04,13.2,3510800.0,0.0,长白山
603099,2023-10-18,13.16,13.33,13.01,13.03,2974800.0,0.0,长白山
603099,2023-10-19,12.89,13.16,12.52,13.06,3880200.0,0.0,长白山
603099,2023-10-20,13.0,13.26,12.81,12.81,4949300.0,0.0,长白山
603099,2023-10-23,12.89,13.17,12.77,13.09,6562800.0,0.0,长白山
603099,2023-10-24,13.1,13.43,13.02,13.18,4761800.0,0.0,长白山
603099,2023-10-25,13.63,14.5,13.63,14.5,13548700.0,0.0,长白山
603099,2023-10-26,14.5,15.12,14.31,14.7,16266600.0,0.0,长白山
603099,2023-10-27,14.82,15.14,14.34,14.73,9592500.0,0.0,长白山
603099,2023-10-30,14.67,14.88,14.42,14.46,6330600.0,0.0,长白山
603099,2023-10-31,14.37,14.54,14.16,14.24,4525800.0,0.0,长白山
603099,2023-11-01,14.3,14.46,14.06,14.15,4115700.0,0.0,长白山
603099,2023-11-02,14.08,14.23,13.7,13.82,4326400.0,0.0,长白山
603099,2023-11-03,13.85,13.93,13.6,13.74,4938800.0,0.0,长白山
603099,2023-11-06,13.79,13.82,13.5,13.82,7416500.0,0.0,长白山
603099,2023-11-07,13.89,13.9,13.2,13.73,9381100.0,0.0,长白山
603099,2023-11-08,13.75,14.15,13.63,13.78,9500900.0,0.0,长白山
603099,2023-11-09,13.75,13.85,13.52,13.61,6315200.0,0.0,长白山
603099,2023-11-10,13.59,13.77,13.41,13.7,5131100.0,0.0,长白山
603099,2023-11-13,13.8,14.09,13.72,14.07,10197600.0,0.0,长白山
603099,2023-11-14,14.11,14.29,13.8,13.9,8741600.0,0.0,长白山
603099,2023-11-15,13.9,13.96,13.73,13.91,5115800.0,0.0,长白山
603099,2023-11-16,13.92,15.3,13.86,14.98,19027700.0,0.0,长白山
603099,2023-11-17,14.48,14.68,14.31,14.5,11881500.0,0.0,长白山
603099,2023-11-20,14.43,14.78,14.42,14.72,9211100.0,0.0,长白山
603099,2023-11-21,14.72,14.86,14.6,14.66,6825600.0,0.0,长白山
603099,2023-11-22,14.64,16.13,14.51,15.86,23354700.0,0.0,长白山
603099,2023-11-23,15.5,15.62,14.96,15.37,15410100.0,0.0,长白山
603099,2023-11-24,15.45,16.0,15.37,15.6,12516500.0,0.0,长白山
603099,2023-11-27,16.4,16.66,15.0,15.25,15468300.0,0.0,长白山
603099,2023-11-28,15.27,15.54,15.02,15.07,9034400.0,0.0,长白山
603099,2023-11-29,14.93,15.29,14.85,15.06,6445900.0,0.0,长白山
603099,2023-11-30,14.97,16.0,14.88,15.61,12335000.0,0.0,长白山
603099,2023-12-01,15.66,15.99,15.34,15.38,11659200.0,0.0,长白山
603099,2023-12-04,15.4,15.69,15.21,15.47,7225400.0,0.0,长白山
603099,2023-12-05,15.33,15.84,15.29,15.36,9020100.0,0.0,长白山
603099,2023-12-06,15.21,15.77,15.08,15.63,8127100.0,0.0,长白山
603099,2023-12-07,15.79,16.16,15.43,15.71,10789200.0,0.0,长白山
603099,2023-12-08,15.56,15.56,15.0,15.32,9702700.0,0.0,长白山
603099,2023-12-11,15.2,15.25,14.89,15.05,6324200.0,0.0,长白山
603099,2023-12-12,15.05,15.68,14.98,15.67,8257800.0,0.0,长白山
603099,2023-12-13,15.69,15.69,15.39,15.44,4994300.0,0.0,长白山
603099,2023-12-14,15.42,15.75,15.32,15.48,5396000.0,0.0,长白山
603099,2023-12-15,15.4,15.77,15.18,15.29,4748100.0,0.0,长白山
603099,2023-12-18,15.23,15.23,14.8,14.86,4145200.0,0.0,长白山
603099,2023-12-19,14.84,15.65,14.84,15.36,8889900.0,0.0,长白山
603099,2023-12-20,15.3,15.32,14.76,14.76,5764100.0,0.0,长白山
603099,2023-12-21,14.73,15.04,14.56,14.95,3973500.0,0.0,长白山
603099,2023-12-22,14.91,15.11,14.21,14.43,6073900.0,0.0,长白山
603099,2023-12-25,14.46,14.57,14.16,14.39,2973900.0,0.0,长白山
603099,2023-12-26,14.48,14.58,14.06,14.25,2694200.0,0.0,长白山
603099,2023-12-27,14.22,14.4,14.07,14.32,2786100.0,0.0,长白山
603099,2023-12-28,14.19,14.5,14.08,14.42,3385100.0,0.0,长白山
603099,2023-12-29,14.45,15.19,14.44,14.98,5447500.0,0.0,长白山
603099,2024-01-02,15.24,16.48,15.05,16.48,13271400.0,0.0,长白山
603099,2024-01-03,16.63,18.13,16.63,18.13,30923100.0,0.0,长白山
603099,2024-01-04,19.37,19.94,18.24,19.94,32775700.0,0.0,长白山
603099,2024-01-05,21.37,21.93,20.99,21.93,37088400.0,0.0,长白山
603099,2024-01-08,22.81,24.12,21.99,24.12,27251900.0,0.0,长白山
603099,2024-01-09,26.53,26.53,26.53,26.53,2440100.0,0.0,长白山
603099,2024-01-10,29.18,29.18,26.73,29.18,51250000.0,0.0,长白山
603099,2024-01-11,31.0,31.69,28.06,29.7,54173300.0,0.0,长白山
603099,2024-01-12,28.88,32.5,28.35,31.51,54991800.0,0.0,长白山
603099,2024-01-15,30.99,34.66,30.48,34.66,45095000.0,0.0,长白山
603099,2024-01-16,35.37,38.13,35.01,35.51,56602100.0,0.0,长白山
603099,2024-01-17,36.4,39.06,35.71,39.06,49414100.0,0.0,长白山
603099,2024-01-18,36.98,40.45,35.15,36.8,52242700.0,0.0,长白山
603099,2024-01-19,36.31,38.51,35.01,36.78,44423300.0,0.0,长白山
603099,2024-01-22,36.77,38.91,35.0,38.29,47309900.0,0.0,长白山
603099,2024-01-23,37.0,37.5,34.46,34.46,37408900.0,0.0,长白山
603099,2024-01-24,31.81,34.3,31.7,32.79,42455700.0,0.0,长白山
603099,2024-01-25,32.22,33.27,31.73,33.1,38172500.0,0.0,长白山
603099,2024-01-26,32.65,33.47,29.96,30.98,43412000.0,0.0,长白山
603099,2024-01-29,30.22,31.4,28.11,28.39,35711100.0,0.0,长白山
603099,2024-01-30,28.67,29.5,28.39,28.5,26986300.0,0.0,长白山
603099,2024-01-31,27.62,28.38,25.65,25.65,32711400.0,0.0,长白山
603099,2024-02-01,25.3,27.63,25.3,26.5,30670800.0,0.0,长白山
603099,2024-02-02,26.5,27.52,25.51,26.45,23755700.0,0.0,长白山
603099,2024-02-05,25.49,27.12,23.82,24.41,24768300.0,0.0,长白山
603099,2024-02-06,24.0,24.37,22.23,23.46,21610000.0,0.0,长白山
603099,2024-02-07,23.29,24.2,21.7,22.36,19123000.0,0.0,长白山
603099,2024-02-08,22.06,22.59,20.12,22.1,23338000.0,0.0,长白山
603099,2024-02-19,21.53,24.1,21.28,23.87,24325500.0,0.0,长白山
603099,2024-02-20,23.5,24.44,22.82,24.22,19605600.0,0.0,长白山
603099,2024-02-21,23.86,25.63,23.78,25.04,22408700.0,0.0,长白山
603099,2024-02-22,25.63,27.36,25.61,26.25,38265400.0,0.0,长白山
603099,2024-02-23,25.85,25.98,24.61,25.55,29380200.0,0.0,长白山
603099,2024-02-26,25.1,25.55,24.71,25.08,19324900.0,0.0,长白山
603099,2024-02-27,25.2,25.77,24.85,25.66,22006900.0,0.0,长白山
603099,2024-02-28,25.62,26.2,23.09,23.09,27293700.0,0.0,长白山
603099,2024-02-29,21.53,23.34,21.53,23.25,20084300.0,0.0,长白山
603099,2024-03-01,23.68,23.88,22.64,23.05,13812100.0,0.0,长白山
603099,2024-03-04,23.24,23.5,22.26,23.39,12938000.0,0.0,长白山
603099,2024-03-05,23.38,25.7,22.98,24.14,28478300.0,0.0,长白山
603099,2024-03-06,23.98,24.68,22.78,24.32,25746200.0,0.0,长白山
603099,2024-03-07,24.17,26.75,24.0,26.75,39368400.0,0.0,长白山
603099,2024-03-08,27.0,27.05,24.8,25.24,40175500.0,0.0,长白山
603099,2024-03-11,25.0,25.8,24.77,25.28,24841000.0,0.0,长白山
603099,2024-03-12,25.0,25.83,24.45,25.62,27993600.0,0.0,长白山
603099,2024-03-13,25.31,25.45,24.6,24.66,18541800.0,0.0,长白山
603099,2024-03-14,24.34,25.65,24.34,24.92,20403800.0,0.0,长白山
603099,2024-03-15,24.6,26.89,24.15,25.5,32988300.0,0.0,长白山
603099,2024-03-18,24.92,26.0,24.89,25.8,23509500.0,0.0,长白山
603099,2024-03-19,25.82,26.08,25.25,25.32,18907900.0,0.0,长白山
603099,2024-03-20,25.32,25.57,24.8,24.95,17002700.0,0.0,长白山
603099,2024-03-21,24.73,26.2,24.36,25.8,29437600.0,0.0,长白山
603099,2024-03-22,25.79,26.55,25.01,25.06,25795300.0,0.0,长白山
603099,2024-03-25,24.51,24.52,22.55,22.55,23839200.0,0.0,长白山
603099,2024-03-26,22.08,22.3,21.2,21.6,17173500.0,0.0,长白山
603099,2024-03-27,21.5,22.52,21.48,21.52,14745500.0,0.0,长白山
603099,2024-03-28,21.0,22.0,20.7,21.75,13099800.0,0.0,长白山
603099,2024-03-29,21.8,23.23,21.8,22.82,20778100.0,0.0,长白山
603099,2024-04-01,22.78,22.91,22.15,22.68,13590400.0,0.0,长白山
603099,2024-04-02,22.74,23.17,22.46,22.6,13778500.0,0.0,长白山
603099,2024-04-03,22.21,22.49,21.54,21.67,12042900.0,0.0,长白山
603099,2024-04-08,21.67,22.16,21.62,21.69,9514700.0,0.0,长白山
603099,2024-04-09,21.4,22.7,21.31,22.45,16266400.0,0.0,长白山
603099,2024-04-10,22.08,22.76,21.93,22.57,14491600.0,0.0,长白山
603099,2024-04-11,22.3,24.4,21.89,23.95,26322300.0,0.0,长白山
603099,2024-04-12,23.29,25.21,23.21,24.48,28709400.0,0.0,长白山
603099,2024-04-15,24.38,24.5,22.03,22.03,21303100.0,0.0,长白山
603099,2024-04-16,21.05,21.35,19.83,19.83,15476700.0,0.0,长白山
603099,2024-04-17,19.06,20.97,19.06,20.52,14969500.0,0.0,长白山
603099,2024-04-18,20.35,21.14,20.14,20.53,13322200.0,0.0,长白山
603099,2024-04-19,20.3,20.64,19.85,20.2,10674500.0,0.0,长白山
603099,2024-04-22,20.18,20.96,19.31,20.91,14908400.0,0.0,长白山
603099,2024-04-23,20.62,21.05,20.33,20.57,11013600.0,0.0,长白山
603099,2024-04-24,20.22,21.2,20.2,21.08,12542200.0,0.0,长白山
603099,2024-04-25,20.95,21.34,20.54,20.77,11787200.0,0.0,长白山
603099,2024-04-26,21.27,21.64,20.92,21.2,15374300.0,0.0,长白山
603099,2024-04-29,21.12,21.53,20.8,21.45,10876200.0,0.0,长白山
603099,2024-04-30,21.46,21.46,20.49,20.6,11811000.0,0.0,长白山
603099,2024-05-06,20.78,20.8,20.36,20.48,8745200.0,0.0,长白山
603099,2024-05-07,20.48,20.88,20.31,20.86,9676400.0,0.0,长白山
603099,2024-05-08,20.81,20.81,20.3,20.33,7050500.0,0.0,长白山
603099,2024-05-09,20.32,20.8,20.32,20.57,7283900.0,0.0,长白山
603099,2024-05-10,20.45,21.55,20.45,21.38,18102200.0,0.0,长白山
603099,2024-05-13,21.26,21.5,20.3,20.71,11838400.0,0.0,长白山
603099,2024-05-14,20.69,21.7,20.64,21.25,10556600.0,0.0,长白山
603099,2024-05-15,21.15,22.0,20.95,21.56,11437300.0,0.0,长白山
603099,2024-05-16,21.57,22.79,21.36,22.36,17190400.0,0.0,长白山
603099,2024-05-17,22.28,22.36,21.5,21.88,11020900.0,0.0,长白山
603099,2024-05-20,22.8,24.07,22.01,24.07,22199900.0,0.0,长白山
603099,2024-05-21,24.03,26.48,23.48,26.48,27897100.0,0.0,长白山
603099,2024-05-22,26.9,27.81,24.88,25.03,41615100.0,0.0,长白山
603099,2024-05-23,24.9,25.0,23.3,23.36,25639700.0,0.0,长白山
603099,2024-05-24,23.43,24.23,23.11,23.51,20527100.0,0.0,长白山
603099,2024-05-27,23.82,24.09,22.45,23.0,15900900.0,0.0,长白山
603099,2024-05-28,22.6,23.5,22.18,22.79,14897700.0,0.0,长白山
603099,2024-05-29,22.6,25.07,22.36,24.23,25968200.0,0.0,长白山
603099,2024-05-30,23.78,24.37,23.38,23.4,15318600.0,0.0,长白山
603099,2024-05-31,23.39,23.79,22.96,23.35,10874200.0,0.0,长白山
603099,2024-06-03,23.17,23.35,22.38,22.82,10195000.0,0.0,长白山
603099,2024-06-04,22.56,23.19,21.94,22.97,11188900.0,0.0,长白山
603099,2024-06-05,22.6,23.75,22.52,23.21,12036500.0,0.0,长白山
603099,2024-06-06,23.0,23.28,21.22,21.62,13590100.0,0.0,长白山
603099,2024-06-07,21.63,22.22,21.5,21.93,8139900.0,0.0,长白山
603099,2024-06-11,21.93,21.93,21.12,21.53,6681500.0,0.0,长白山
603099,2024-06-12,21.4,21.9,21.24,21.78,6160400.0,0.0,长白山
603099,2024-06-13,21.77,21.93,21.61,21.62,5393700.0,0.0,长白山
603099,2024-06-14,21.73,23.32,21.59,22.47,13184600.0,0.0,长白山
603099,2024-06-17,22.16,23.13,22.09,22.85,10059700.0,0.0,长白山
603099,2024-06-18,22.67,23.09,22.58,22.72,7716200.0,0.0,长白山
603099,2024-06-19,22.64,22.79,22.16,22.36,6807700.0,0.0,长白山
603099,2024-06-20,22.27,22.35,21.61,21.61,5818100.0,0.0,长白山
603099,2024-06-21,21.5,22.05,21.35,21.68,4882000.0,0.0,长白山
603099,2024-06-24,21.53,21.53,20.29,20.33,7760900.0,0.0,长白山
603099,2024-06-25,20.36,22.26,20.33,21.75,12361800.0,0.0,长白山
603099,2024-06-26,21.2,21.76,20.91,21.65,8274900.0,0.0,长白山
603099,2024-06-27,21.64,22.6,21.41,21.75,11746600.0,0.0,长白山
603099,2024-06-28,21.86,22.66,21.75,22.26,11907300.0,0.0,长白山
603099,2024-07-01,22.07,23.2,22.07,23.04,14304000.0,0.0,长白山
603099,2024-07-02,22.88,23.26,22.73,22.94,9992000.0,0.0,长白山
603099,2024-07-03,23.09,23.8,23.05,23.28,15109600.0,0.0,长白山
603099,2024-07-04,22.77,22.83,22.21,22.23,9978300.0,0.0,长白山
603099,2024-07-05,22.1,22.46,21.8,22.32,5810500.0,0.0,长白山
603099,2024-07-08,22.19,22.7,22.15,22.23,5976400.0,0.0,长白山
603099,2024-07-09,22.4,22.8,21.5,22.78,12300400.0,0.0,长白山
603099,2024-07-10,22.52,22.95,22.27,22.32,8829100.0,0.0,长白山
603099,2024-07-11,22.63,23.39,22.3,23.3,12754800.0,0.0,长白山
603099,2024-07-12,23.26,24.16,23.08,23.33,16116200.0,0.0,长白山
603099,2024-07-15,23.3,23.4,22.34,22.4,10709400.0,0.0,长白山
603099,2024-07-16,22.48,22.8,22.33,22.54,7431100.0,0.0,长白山
603099,2024-07-17,22.38,22.62,21.53,21.62,9596700.0,0.0,长白山
603099,2024-07-18,21.54,21.92,20.9,21.86,7195300.0,0.0,长白山
603099,2024-07-19,21.62,21.72,21.42,21.53,5556400.0,0.0,长白山
603099,2024-07-22,21.42,21.76,21.23,21.56,4753200.0,0.0,长白山
603099,2024-07-23,21.38,21.89,21.15,21.26,6397900.0,0.0,长白山
603099,2024-07-24,21.05,21.42,20.45,20.47,6416900.0,0.0,长白山
603099,2024-07-25,20.45,20.96,20.01,20.62,5961900.0,0.0,长白山
603099,2024-07-26,20.6,21.04,20.52,20.91,4738200.0,0.0,长白山
603099,2024-07-29,20.8,21.1,20.68,20.95,3852800.0,0.0,长白山
603099,2024-07-30,20.85,21.07,20.67,20.99,3970100.0,0.0,长白山
603099,2024-07-31,21.1,21.9,21.07,21.81,9307100.0,0.0,长白山
603099,2024-08-01,21.64,22.03,21.54,21.9,7819100.0,0.0,长白山
603099,2024-08-02,21.72,22.46,21.65,22.11,8077100.0,0.0,长白山
603099,2024-08-05,22.59,23.0,22.0,22.0,11891700.0,0.0,长白山
603099,2024-08-06,22.0,22.98,22.0,22.89,12997600.0,0.0,长白山
603099,2024-08-07,22.79,23.07,22.32,22.93,12219600.0,0.0,长白山
603099,2024-08-08,22.44,25.03,22.44,23.34,24309500.0,0.0,长白山
603099,2024-08-09,23.08,24.13,22.92,23.48,16427000.0,0.0,长白山
603099,2024-08-12,23.17,23.17,21.96,21.99,12658400.0,0.0,长白山
603099,2024-08-13,22.03,22.13,21.32,21.59,6922400.0,0.0,长白山
603099,2024-08-14,21.55,21.7,21.16,21.21,5143200.0,0.0,长白山
603099,2024-08-15,21.37,23.33,20.98,23.33,16168300.0,0.0,长白山
603099,2024-08-16,23.48,23.76,22.82,23.0,15793200.0,0.0,长白山
603099,2024-08-19,22.95,23.57,22.7,23.13,9790800.0,0.0,长白山
603099,2024-08-20,23.1,23.27,22.74,22.92,6665100.0,0.0,长白山
603099,2024-08-21,22.9,24.07,22.75,23.89,17082100.0,0.0,长白山
603099,2024-08-22,23.7,24.39,23.48,23.49,13053200.0,0.0,长白山
603099,2024-08-23,23.8,23.87,22.5,23.48,10181300.0,0.0,长白山
603099,2024-08-26,23.27,23.66,22.92,23.49,6592900.0,0.0,长白山
603099,2024-08-27,23.31,23.85,23.01,23.83,9832700.0,0.0,长白山
603099,2024-08-28,23.82,24.86,23.25,23.41,15143000.0,0.0,长白山
603099,2024-08-29,22.89,24.05,22.55,23.93,10703500.0,0.0,长白山
603099,2024-08-30,23.99,24.8,23.75,24.39,11827500.0,0.0,长白山
603099,2024-09-02,24.42,25.77,24.25,24.7,15334100.0,0.0,长白山
603099,2024-09-03,24.7,25.15,24.55,24.64,8464000.0,0.0,长白山
603099,2024-09-04,24.39,24.98,24.23,24.31,8204500.0,0.0,长白山
603099,2024-09-05,24.23,24.6,24.12,24.53,6509400.0,0.0,长白山
603099,2024-09-06,24.47,24.98,24.38,24.72,9436700.0,0.0,长白山
603099,2024-09-09,24.5,24.8,23.8,23.85,10312600.0,0.0,长白山
603099,2024-09-10,24.05,24.07,22.69,23.14,9879300.0,0.0,长白山
603099,2024-09-11,22.82,23.23,22.71,22.95,5143200.0,0.0,长白山
603099,2024-09-12,22.94,23.22,22.47,23.15,6923500.0,0.0,长白山
603099,2024-09-13,22.97,23.78,22.72,23.75,9029300.0,0.0,长白山
603099,2024-09-18,23.55,24.5,22.91,24.42,10987300.0,0.0,长白山
603099,2024-09-19,24.2,24.57,24.18,24.33,7402000.0,0.0,长白山
603099,2024-09-20,24.11,24.53,24.1,24.16,6735700.0,0.0,长白山
603099,2024-09-23,24.18,24.28,23.6,23.94,7271500.0,0.0,长白山
603099,2024-09-24,24.08,25.19,23.8,25.18,13661900.0,0.0,长白山
603099,2024-09-25,25.0,26.75,24.73,26.29,17221000.0,0.0,长白山
603099,2024-09-26,26.0,26.75,25.7,26.7,14256300.0,0.0,长白山
603099,2024-09-27,27.25,27.72,25.86,27.7,15567100.0,0.0,长白山
603099,2024-09-30,28.63,30.47,28.02,30.47,19595000.0,0.0,长白山
603099,2024-10-08,33.19,33.45,28.35,29.5,27243600.0,0.0,长白山
603099,2024-10-09,28.57,28.57,26.55,26.55,15257300.0,0.0,长白山
603099,2024-10-10,25.86,28.32,25.8,27.97,15596600.0,0.0,长白山
603099,2024-10-11,28.0,29.02,27.44,28.11,13464700.0,0.0,长白山
603099,2024-10-14,28.17,28.18,26.8,27.68,9484200.0,0.0,长白山
603099,2024-10-15,27.4,27.99,26.88,27.51,6500700.0,0.0,长白山
603099,2024-10-16,27.1,27.72,27.02,27.37,5216400.0,0.0,长白山
603099,2024-10-17,27.34,28.2,27.31,27.66,8689000.0,0.0,长白山
603099,2024-10-18,27.42,29.64,27.07,29.58,15207300.0,0.0,长白山
603099,2024-10-21,29.49,32.54,29.0,32.54,25701900.0,0.0,长白山
603099,2024-10-22,32.38,35.08,31.0,32.75,29027300.0,0.0,长白山
603099,2024-10-23,33.0,34.63,32.45,33.44,20310800.0,0.0,长白山
603099,2024-10-24,32.66,33.58,32.21,32.34,11660500.0,0.0,长白山
603099,2024-10-25,33.0,33.99,31.8,33.68,21005600.0,0.0,长白山
603099,2024-10-28,35.37,35.38,32.32,32.42,27002100.0,0.0,长白山
603099,2024-10-29,31.91,33.86,31.35,31.49,20122700.0,0.0,长白山
603099,2024-10-30,31.06,31.73,30.38,31.36,13607200.0,0.0,长白山
603099,2024-10-31,30.89,32.35,30.76,32.26,14261000.0,0.0,长白山
603099,2024-11-01,31.96,35.49,31.7,33.54,26688400.0,0.0,长白山
603099,2024-11-04,33.53,36.89,32.8,36.89,30553700.0,0.0,长白山
603099,2024-11-05,35.5,39.54,35.2,37.4,30528300.0,0.0,长白山
603099,2024-11-06,37.03,41.14,36.22,40.74,38185100.0,0.0,长白山
603099,2024-11-07,40.0,44.81,39.2,44.81,35793700.0,0.0,长白山
603099,2024-11-08,45.49,48.79,41.86,43.56,40934300.0,0.0,长白山
603099,2024-11-11,42.0,43.26,41.0,42.41,21053800.0,0.0,长白山
603099,2024-11-12,42.08,44.36,42.0,43.3,21470600.0,0.0,长白山
603099,2024-11-13,44.0,44.2,39.98,40.85,20424200.0,0.0,长白山
603099,2024-11-14,39.75,41.88,39.46,39.9,13757500.0,0.0,长白山
603099,2024-11-15,39.9,40.68,38.62,38.8,13315500.0,0.0,长白山
603099,2024-11-18,38.76,40.4,38.0,39.1,14680400.0,0.0,长白山
603099,2024-11-19,38.91,42.9,38.22,41.97,19974900.0,0.0,长白山
603099,2024-11-20,41.0,42.4,40.85,42.06,15049500.0,0.0,长白山
603099,2024-11-21,41.78,42.7,40.8,41.1,12585400.0,0.0,长白山
603099,2024-11-22,40.85,41.6,39.35,39.58,11025400.0,0.0,长白山
603099,2024-11-25,38.88,42.59,38.88,42.14,20447000.0,0.0,长白山
603099,2024-11-26,41.39,46.0,40.6,43.45,20196400.0,0.0,长白山
603099,2024-11-27,42.5,46.0,42.1,43.92,27520400.0,0.0,长白山
603099,2024-11-28,42.97,43.7,42.0,42.01,17490000.0,0.0,长白山
603099,2024-11-29,41.54,42.58,41.52,42.16,11198800.0,0.0,长白山
603099,2024-12-02,42.3,45.07,42.28,44.05,20530400.0,0.0,长白山
603099,2024-12-03,43.5,44.5,42.81,43.26,15622100.0,0.0,长白山
603099,2024-12-04,42.53,44.04,42.36,43.27,12876500.0,0.0,长白山
603099,2024-12-05,43.43,46.59,42.86,46.25,26688200.0,0.0,长白山
603099,2024-12-06,47.6,50.8,45.02,48.86,30737100.0,0.0,长白山
603099,2024-12-09,47.5,50.42,46.64,46.82,20783700.0,0.0,长白山
603099,2024-12-10,48.0,48.2,46.22,46.75,16560400.0,0.0,长白山
603099,2024-12-11,46.3,47.54,45.67,47.03,12204100.0,0.0,长白山
603099,2024-12-12,47.26,51.04,46.66,50.14,25681300.0,0.0,长白山
603099,2024-12-13,50.14,55.15,49.51,55.15,29538100.0,0.0,长白山
603099,2024-12-16,56.8,60.67,56.0,60.67,33120300.0,0.0,长白山
603099,2024-12-17,60.0,60.04,54.6,54.6,13355300.0,0.0,长白山
603099,2024-12-18,49.14,52.17,49.14,49.6,29039300.0,0.0,长白山
603099,2024-12-19,48.61,51.0,46.42,49.8,28072700.0,0.0,长白山
603099,2024-12-20,49.06,50.28,48.31,48.99,16775100.0,0.0,长白山
603099,2024-12-23,49.04,49.88,45.74,45.94,17722500.0,0.0,长白山
603099,2024-12-24,45.67,46.17,43.27,44.17,19047500.0,0.0,长白山
603099,2024-12-25,44.0,44.0,41.52,42.46,14058100.0,0.0,长白山
603099,2024-12-26,42.13,44.1,42.13,42.99,12918500.0,0.0,长白山
603099,2024-12-27,42.65,45.5,42.6,44.29,19913900.0,0.0,长白山
603099,2024-12-30,44.28,44.3,41.9,42.01,14417200.0,0.0,长白山
603099,2024-12-31,42.13,43.29,41.84,42.12,14830100.0,0.0,长白山
603099,2025-01-02,42.0,44.0,41.52,43.24,17916100.0,0.0,长白山
603099,2025-01-03,43.25,43.49,38.92,38.92,13747900.0,0.0,长白山
603099,2025-01-06,35.73,38.05,35.73,36.07,17580100.0,0.0,长白山
603099,2025-01-07,36.5,37.15,35.83,36.69,11246300.0,0.0,长白山
603099,2025-01-08,36.4,37.2,35.43,36.9,12239300.0,0.0,长白山
603099,2025-01-09,36.55,37.25,36.4,36.84,8587600.0,0.0,长白山
603099,2025-01-10,36.62,36.84,35.4,35.4,8013600.0,0.0,长白山
603099,2025-01-13,35.03,36.5,34.43,35.74,9856200.0,0.0,长白山
603099,2025-01-14,37.06,37.3,35.44,37.27,14153800.0,0.0,长白山
603099,2025-01-15,37.11,38.53,36.77,37.69,18719500.0,0.0,长白山
603099,2025-01-16,37.7,38.24,37.03,37.46,14144000.0,0.0,长白山
603099,2025-01-17,37.2,37.68,36.7,37.14,9410500.0,0.0,长白山
603099,2025-01-20,37.09,37.55,36.8,36.9,10202200.0,0.0,长白山
603099,2025-01-21,37.08,37.36,36.21,36.53,8257400.0,0.0,长白山
603099,2025-01-22,36.45,36.45,35.09,35.13,9092000.0,0.0,长白山
603099,2025-01-23,35.86,36.1,35.2,35.2,8835700.0,0.0,长白山
603099,2025-01-24,35.01,36.47,34.84,36.38,10317600.0,0.0,长白山
603099,2025-01-27,36.39,36.77,35.45,35.51,8026200.0,0.0,长白山
603099,2025-02-05,35.58,35.8,33.13,33.31,14750900.0,0.0,长白山
603099,2025-02-06,33.26,35.93,33.02,35.48,18119200.0,0.0,长白山
603099,2025-02-07,34.89,35.6,34.36,35.0,14974500.0,0.0,长白山
603099,2025-02-10,35.76,35.93,34.69,35.89,14160400.0,0.0,长白山
603099,2025-02-11,35.92,36.2,34.8,35.11,9194800.0,0.0,长白山
603099,2025-02-12,35.04,36.63,34.92,35.28,12994100.0,0.0,长白山
603099,2025-02-13,35.28,35.85,34.76,34.8,9712100.0,0.0,长白山
603099,2025-02-14,34.84,34.88,33.5,33.66,10185500.0,0.0,长白山
603099,2025-02-17,33.6,33.99,33.1,33.44,9262700.0,0.0,长白山
603099,2025-02-18,33.2,33.31,31.65,31.78,10118200.0,0.0,长白山
603099,2025-02-19,31.78,32.2,31.47,32.15,7854700.0,0.0,长白山
603099,2025-02-20,32.2,32.56,31.88,32.25,5473400.0,0.0,长白山
603099,2025-02-21,32.07,32.32,31.62,32.02,5802000.0,0.0,长白山
603099,2025-02-24,32.12,32.48,31.66,31.86,6363600.0,0.0,长白山
603099,2025-02-25,31.59,31.85,31.14,31.26,5540800.0,0.0,长白山
603099,2025-02-26,31.65,31.98,30.92,31.26,5939500.0,0.0,长白山
603099,2025-02-27,31.15,31.8,31.02,31.42,7745100.0,0.0,长白山
603099,2025-02-28,31.29,31.59,30.65,30.68,7381500.0,0.0,长白山
603099,2025-03-03,30.76,31.8,30.57,30.74,7734900.0,0.0,长白山
603099,2025-03-04,30.36,31.25,30.35,31.2,6223200.0,0.0,长白山
603099,2025-03-05,31.27,31.3,30.34,30.88,5758600.0,0.0,长白山
603099,2025-03-06,30.64,31.12,30.62,31.03,5440400.0,0.0,长白山
603099,2025-03-07,30.86,31.2,30.53,30.85,5391300.0,0.0,长白山
603099,2025-03-10,30.74,31.11,30.56,31.1,5220700.0,0.0,长白山
603099,2025-03-11,31.0,31.45,30.8,31.39,6871900.0,0.0,长白山
603099,2025-03-12,31.45,31.82,30.78,30.8,9660300.0,0.0,长白山
603099,2025-03-13,30.68,30.89,30.18,30.5,6870300.0,0.0,长白山
603099,2025-03-14,30.36,32.0,30.36,31.95,15574800.0,0.0,长白山
603099,2025-03-17,32.91,33.17,31.74,31.91,14268600.0,0.0,长白山
603099,2025-03-18,31.9,34.5,31.55,33.77,25538500.0,0.0,长白山
603099,2025-03-19,33.4,34.89,33.13,34.25,22254300.0,0.0,长白山
603099,2025-03-20,34.3,34.5,33.5,33.79,14192300.0,0.0,长白山
603099,2025-03-21,33.5,33.66,32.89,33.38,10194800.0,0.0,长白山
603099,2025-03-24,33.35,36.12,33.35,35.69,29020200.0,0.0,长白山
603099,2025-03-25,35.03,38.58,34.39,37.35,31116000.0,0.0,长白山
603099,2025-03-26,36.51,38.99,35.98,38.41,29333300.0,0.0,长白山
603099,2025-03-27,37.69,39.52,36.21,36.85,26252100.0,0.0,长白山
603099,2025-03-28,35.51,36.76,33.84,34.21,20724500.0,0.0,长白山
603099,2025-03-31,33.97,34.78,32.5,33.07,16212100.0,0.0,长白山
603099,2025-04-01,33.0,34.09,32.96,33.4,12291200.0,0.0,长白山
603099,2025-04-02,33.41,33.81,32.71,32.81,10707300.0,0.0,长白山
603099,2025-04-03,32.3,34.95,32.2,34.95,21364500.0,0.0,长白山
603099,2025-04-07,33.7,34.59,31.46,31.92,20778100.0,0.0,长白山
603099,2025-04-08,32.67,33.32,32.3,33.03,16360600.0,0.0,长白山
603099,2025-04-09,32.3,34.36,29.73,33.67,21027000.0,0.0,长白山
603099,2025-04-10,33.03,35.99,33.02,35.5,23350100.0,0.0,长白山
603099,2025-04-11,35.29,35.9,34.65,34.96,17525600.0,0.0,长白山
603099,2025-04-14,35.07,36.5,35.07,35.8,17553200.0,0.0,长白山
603099,2025-04-15,35.86,36.28,35.11,35.46,12130100.0,0.0,长白山
603099,2025-04-16,35.07,36.84,34.8,36.61,20555100.0,0.0,长白山
603099,2025-04-17,36.27,37.62,36.02,37.36,19962800.0,0.0,长白山
603099,2025-04-18,37.0,37.61,35.33,35.36,17185600.0,0.0,长白山
603099,2025-04-21,34.56,35.75,34.52,35.06,10472200.0,0.0,长白山
603099,2025-04-22,35.19,35.25,33.49,33.93,13148300.0,0.0,长白山
603099,2025-04-23,33.94,34.4,33.63,34.08,8068400.0,0.0,长白山
603099,2025-04-24,34.08,34.09,32.9,33.11,9397100.0,0.0,长白山
603099,2025-04-25,32.6,33.38,32.31,32.77,9113200.0,0.0,长白山
603099,2025-04-28,32.94,33.15,31.68,32.61,10265600.0,0.0,长白山
603099,2025-04-29,32.23,32.49,31.77,32.07,5819900.0,0.0,长白山
603099,2025-04-30,32.15,32.5,32.01,32.31,5689400.0,0.0,长白山
603099,2025-05-06,32.51,32.76,32.01,32.71,7517800.0,0.0,长白山
603099,2025-05-07,32.72,33.65,32.7,32.93,8824400.0,0.0,长白山
603099,2025-05-08,32.75,33.13,32.57,32.64,5565500.0,0.0,长白山
603099,2025-05-09,32.51,32.7,32.1,32.17,4580000.0,0.0,长白山
603099,2025-05-12,32.39,32.43,31.92,32.33,4133900.0,0.0,长白山
603099,2025-05-13,32.6,32.6,31.87,32.13,5628200.0,0.0,长白山
603099,2025-05-14,32.1,32.25,31.7,32.01,4063800.0,0.0,长白山
603099,2025-05-15,31.88,32.38,31.66,31.71,5721600.0,0.0,长白山
603099,2025-05-16,31.71,32.15,31.5,31.92,4746400.0,0.0,长白山
603099,2025-05-19,31.72,33.0,31.71,32.82,10150200.0,0.0,长白山
603099,2025-05-20,32.7,33.03,32.58,32.66,6934900.0,0.0,长白山
603099,2025-05-21,32.51,33.1,32.38,32.42,5890300.0,0.0,长白山
603099,2025-05-22,32.34,32.5,31.8,31.91,4067200.0,0.0,长白山
603099,2025-05-23,31.86,32.15,31.61,31.78,3257000.0,0.0,长白山
603099,2025-05-26,31.6,31.9,31.5,31.89,3619200.0,0.0,长白山
603099,2025-05-27,31.75,32.72,31.7,32.49,6578400.0,0.0,长白山
603099,2025-05-28,32.32,32.48,32.0,32.2,3494300.0,0.0,长白山
603099,2025-05-29,32.16,33.29,31.97,33.11,7825200.0,0.0,长白山
603099,2025-05-30,32.9,33.3,32.53,32.65,4463100.0,0.0,长白山
603099,2025-06-03,32.65,33.38,32.47,33.17,5773300.0,0.0,长白山
603099,2025-06-04,33.02,36.49,32.88,36.49,24261800.0,0.0,长白山
603099,2025-06-05,36.19,37.63,36.0,36.63,27781400.0,0.0,长白山
603099,2025-06-06,36.63,37.28,35.57,36.19,13311500.0,0.0,长白山
603099,2025-06-09,36.3,37.25,35.79,37.06,14981600.0,0.0,长白山
603099,2025-06-10,37.08,37.97,36.64,36.76,16995900.0,0.0,长白山
603099,2025-06-11,36.66,37.65,36.52,37.36,13177100.0,0.0,长白山
603099,2025-06-12,37.5,37.8,37.03,37.08,9095000.0,0.0,长白山
603099,2025-06-13,36.81,36.99,34.7,35.23,13987100.0,0.0,长白山
603099,2025-06-16,35.0,35.95,34.87,35.55,6625100.0,0.0,长白山
603099,2025-06-17,35.6,36.42,35.46,35.78,6522200.0,0.0,长白山
603099,2025-06-18,35.52,35.87,35.3,35.45,3438700.0,0.0,长白山
603099,2025-06-19,35.3,37.91,35.22,36.14,11864700.0,0.0,长白山
603099,2025-06-20,36.53,36.59,35.5,35.69,5379200.0,0.0,长白山
603099,2025-06-23,35.35,36.3,35.2,36.25,5467400.0,0.0,长白山
603099,2025-06-24,36.48,36.67,36.05,36.4,5373900.0,0.0,长白山
603099,2025-06-25,36.62,36.82,35.86,36.8,7014900.0,0.0,长白山
603099,2025-06-26,36.62,39.04,36.3,39.0,19551500.0,0.0,长白山
603099,2025-06-27,38.0,38.37,37.46,38.01,14354400.0,0.0,长白山
603099,2025-06-30,38.0,38.38,37.62,38.06,8201200.0,0.0,长白山
603099,2025-07-01,38.06,39.74,37.87,39.16,14723400.0,0.0,长白山
603099,2025-07-02,38.88,40.63,38.76,40.0,12887000.0,0.0,长白山
603099,2025-07-03,39.6,40.19,38.02,38.31,11782000.0,0.0,长白山
603099,2025-07-04,38.08,38.8,38.08,38.45,6732100.0,0.0,长白山
603099,2025-07-07,38.55,40.11,38.37,39.07,9403000.0,0.0,长白山
603099,2025-07-08,38.85,38.94,38.11,38.72,6967800.0,0.0,长白山
603099,2025-07-09,38.6,38.6,37.48,38.15,7920700.0,0.0,长白山
603099,2025-07-10,38.4,38.99,38.11,38.29,5450100.0,0.0,长白山
603099,2025-07-11,38.25,38.78,38.09,38.6,5684400.0,0.0,长白山
603099,2025-07-14,38.52,39.3,38.23,38.52,5156700.0,0.0,长白山
603099,2025-07-15,37.73,37.76,36.38,36.49,11589700.0,0.0,长白山
603099,2025-07-16,36.36,37.37,36.36,37.21,5915800.0,0.0,长白山
603099,2025-07-17,37.2,37.84,37.02,37.14,4561000.0,0.0,长白山
603099,2025-07-18,37.2,37.73,36.94,37.51,5087200.0,0.0,长白山
603099,2025-07-21,37.4,38.4,37.4,37.87,6553400.0,0.0,长白山
603099,2025-07-22,37.8,38.26,37.55,37.67,5021500.0,0.0,长白山
603099,2025-07-23,37.64,38.21,37.49,37.75,4636500.0,0.0,长白山
603099,2025-07-24,37.75,38.26,37.51,38.09,5247400.0,0.0,长白山
603099,2025-07-25,38.07,38.39,37.64,37.83,5253300.0,0.0,长白山
603099,2025-07-28,38.0,38.06,37.67,37.82,4464100.0,0.0,长白山
603099,2025-07-29,38.39,38.58,37.0,37.27,6165400.0,0.0,长白山
603099,2025-07-30,36.85,37.59,36.66,37.48,5064700.0,0.0,长白山
603099,2025-07-31,37.6,37.6,36.8,36.88,4100300.0,0.0,长白山
603099,2025-08-01,36.84,36.97,36.36,36.45,4083100.0,0.0,长白山
603099,2025-08-04,36.4,37.3,36.2,37.26,4051700.0,0.0,长白山
603099,2025-08-05,37.27,38.0,37.09,37.8,4958100.0,0.0,长白山
603099,2025-08-06,37.96,39.06,37.61,38.27,9247000.0,0.0,长白山
603099,2025-08-07,38.14,38.67,37.97,38.35,3741600.0,0.0,长白山
603099,2025-08-08,38.21,39.42,38.16,38.86,8539500.0,0.0,长白山
603099,2025-08-11,38.86,40.29,38.57,39.52,9490300.0,0.0,长白山
603099,2025-08-12,39.52,39.83,39.01,39.43,5808800.0,0.0,长白山
603099,2025-08-13,39.78,39.86,39.14,39.31,5663300.0,0.0,长白山
603099,2025-08-14,39.38,39.97,38.53,38.55,8513800.0,0.0,长白山
603099,2025-08-15,38.26,38.86,38.2,38.83,4958400.0,0.0,长白山
603099,2025-08-18,38.83,39.62,38.69,39.42,8684700.0,0.0,长白山
603099,2025-08-19,39.26,40.0,39.0,39.59,6171000.0,0.0,长白山
603099,2025-08-20,39.35,40.01,39.29,39.76,7229200.0,0.0,长白山
603099,2025-08-21,39.72,41.82,39.43,41.14,13259100.0,0.0,长白山
603099,2025-08-22,41.0,42.43,40.81,42.1,12525800.0,0.0,长白山
603099,2025-08-25,42.1,43.0,41.4,42.25,12394400.0,0.0,长白山
603099,2025-08-26,42.2,44.72,42.01,43.68,14176500.0,0.0,长白山
603099,2025-08-27,44.0,44.0,42.69,42.8,8991400.0,0.0,长白山
603099,2025-08-28,43.2,44.84,41.92,42.98,14247200.0,0.0,长白山
603099,2025-08-29,42.91,46.4,42.51,44.9,16737700.0,0.0,长白山
603099,2025-09-01,44.92,48.8,44.92,47.79,17431100.0,0.0,长白山
603099,2025-09-02,47.35,49.9,46.8,48.53,17130800.0,0.0,长白山
603099,2025-09-03,49.35,52.58,48.08,51.5,20463100.0,0.0,长白山
603099,2025-09-04,51.0,56.65,50.08,55.98,27563000.0,0.0,长白山
603099,2025-09-05,55.0,55.0,50.56,53.03,27132400.0,0.0,长白山
603099,2025-09-08,51.5,53.64,48.58,48.66,23158900.0,0.0,长白山
603099,2025-09-09,47.55,50.44,47.07,48.76,15572100.0,0.0,长白山
603099,2025-09-10,48.25,52.58,48.25,51.97,21110800.0,0.0,长白山
603099,2025-09-11,51.46,51.8,49.77,51.27,16730200.0,0.0,长白山
603099,2025-09-12,51.27,52.98,50.77,51.53,13959100.0,0.0,长白山
603099,2025-09-15,50.7,51.87,49.9,50.03,12329000.0,0.0,长白山
603099,2025-09-16,50.69,52.02,50.0,50.85,12008900.0,0.0,长白山
603099,2025-09-17,51.3,51.3,48.51,49.33,13922100.0,0.0,长白山
603099,2025-09-18,49.33,52.0,48.69,51.67,19593200.0,0.0,长白山
603099,2025-09-19,50.8,53.25,49.23,51.83,20683400.0,0.0,长白山
603099,2025-09-22,51.0,51.7,49.8,50.08,11014600.0,0.0,长白山
603099,2025-09-23,49.5,49.54,45.8,46.5,15328900.0,0.0,长白山
603099,2025-09-24,45.9,47.35,45.13,46.44,9713100.0,0.0,长白山
603099,2025-09-25,46.0,46.78,45.64,46.42,8277300.0,0.0,长白山
603099,2025-09-26,46.8,46.9,44.61,45.2,8767100.0,0.0,长白山
603099,2025-09-29,45.1,46.58,44.6,45.93,9425800.0,0.0,长白山
603099,2025-09-30,46.0,46.23,45.45,45.66,6635100.0,0.0,长白山
603099,2025-10-09,45.0,45.56,44.2,44.31,9603200.0,0.0,长白山
603099,2025-10-10,44.25,45.48,44.2,44.48,7401500.0,0.0,长白山
603099,2025-10-13,42.8,46.16,42.8,45.45,8518500.0,0.0,长白山
603099,2025-10-14,45.8,47.8,45.6,46.8,12751200.0,0.0,长白山
603099,2025-10-15,47.13,47.5,46.1,47.19,7901400.0,0.0,长白山
603099,2025-10-16,47.01,48.68,46.83,47.48,9253900.0,0.0,长白山
603099,2025-10-17,47.65,48.68,47.5,47.68,11985900.0,0.0,长白山
603099,2025-10-20,48.03,52.45,47.62,51.88,25163500.0,0.0,长白山
603099,2025-10-21,51.74,53.0,50.78,50.9,20638100.0,0.0,长白山
603099,2025-10-22,50.45,51.6,49.5,49.99,12621500.0,0.0,长白山
603099,2025-10-23,49.9,53.99,49.73,53.14,21838600.0,0.0,长白山
603099,2025-10-24,52.08,52.74,50.3,50.63,18057100.0,0.0,长白山
603099,2025-10-27,51.0,52.89,49.11,50.84,16341800.0,0.0,长白山
603099,2025-10-28,49.94,53.0,49.9,51.28,14355400.0,0.0,长白山
603099,2025-10-29,51.25,53.0,51.25,52.61,11672200.0,0.0,长白山
603099,2025-10-30,52.4,53.91,51.61,51.86,16475100.0,0.0,长白山
603099,2025-10-31,51.93,53.57,50.75,52.47,14467300.0,0.0,长白山
603099,2025-11-03,52.48,54.76,52.48,53.93,18871900.0,0.0,长白山
603099,2025-11-04,53.3,59.0,53.0,57.91,27783200.0,0.0,长白山
603099,2025-11-05,57.91,60.33,52.5,52.66,30886100.0,0.0,长白山
603099,2025-11-06,50.01,51.0,47.41,47.67,25165900.0,0.0,长白山
603099,2025-11-07,47.3,49.48,47.3,48.63,15945800.0,0.0,长白山
603099,2025-11-10,47.1,50.16,46.4,49.5,16574900.0,0.0,长白山
603099,2025-11-11,48.78,48.78,47.6,47.62,10059100.0,0.0,长白山
603099,2025-11-12,47.62,48.88,46.65,48.3,10254800.0,0.0,长白山
603099,2025-11-13,48.6,51.79,48.6,50.97,17409100.0,0.0,长白山
603099,2025-11-14,50.98,52.32,50.12,50.42,14307800.0,0.0,长白山
603099,2025-11-17,52.66,54.0,52.04,52.9,17574300.0,0.0,长白山
603099,2025-11-18,52.88,52.89,50.03,51.28,14026800.0,0.0,长白山
603099,2025-11-19,50.75,54.38,50.2,53.73,20383900.0,0.0,长白山
603099,2025-11-20,53.0,53.45,51.5,52.0,16601100.0,0.0,长白山
603099,2025-11-21,49.98,51.36,47.65,49.88,14628800.0,0.0,长白山
603099,2025-11-24,49.98,50.93,48.58,50.12,8020900.0,0.0,长白山
603099,2025-11-25,50.0,50.8,49.59,50.13,7084800.0,0.0,长白山
603099,2025-11-26,49.59,50.18,49.1,49.16,6907900.0,0.0,长白山
603099,2025-11-27,50.0,50.06,48.33,48.37,8032000.0,0.0,长白山
603099,2025-11-28,48.38,48.5,47.1,48.17,7494500.0,0.0,长白山
603099,2025-12-01,49.12,51.33,48.5,50.59,12937900.0,0.0,长白山
603099,2025-12-02,50.5,52.48,49.9,51.33,14253800.0,0.0,长白山
603099,2025-12-03,50.61,51.32,49.9,50.08,8871900.0,0.0,长白山
603099,2025-12-04,49.99,49.99,48.65,48.91,6773700.0,0.0,长白山
603099,2025-12-05,48.62,49.3,48.18,48.92,5181700.0,0.0,长白山
603099,2025-12-08,48.97,49.21,48.49,48.63,6767400.0,0.0,长白山
603099,2025-12-09,48.58,49.25,48.08,48.67,6957800.0,0.0,长白山
603099,2025-12-10,48.51,48.61,45.6,46.2,11582900.0,0.0,长白山
603099,2025-12-11,46.32,47.91,45.68,46.93,8798800.0,0.0,长白山
603099,2025-12-12,46.89,47.28,45.81,46.62,6582000.0,0.0,长白山
603099,2025-12-15,46.97,47.42,46.62,46.94,6039600.0,0.0,长白山
603099,2025-12-16,47.0,47.82,46.5,47.28,7621500.0,0.0,长白山
603099,2025-12-17,47.65,49.44,47.56,49.09,13071200.0,0.0,长白山
603099,2025-12-18,48.7,48.7,47.0,47.14,9099100.0,0.0,长白山
603099,2025-12-19,46.31,47.47,46.0,47.36,7625500.0,0.0,长白山
603099,2025-12-22,47.58,47.6,46.3,46.56,7085700.0,0.0,长白山
603099,2025-12-23,46.46,46.52,44.5,44.9,11212100.0,0.0,长白山
603099,2025-12-24,44.52,45.08,43.88,44.92,6947500.0,0.0,长白山
603099,2025-12-25,44.82,45.12,44.51,45.0,5010800.0,0.0,长白山
603099,2025-12-26,45.23,46.2,45.03,45.92,8654700.0,0.0,长白山
603099,2025-12-29,45.85,45.85,44.68,44.9,6893800.0,0.0,长白山
603099,2025-12-30,45.18,46.2,44.95,46.02,8817600.0,0.0,长白山
603099,2025-12-31,46.11,46.15,44.9,45.15,6063000.0,0.0,长白山
603099,2026-01-05,45.15,45.7,44.91,45.19,7339000.0,0.0,长白山
603099,2026-01-06,45.19,46.0,44.93,45.29,8566300.0,0.0,长白山
603099,2026-01-07,45.14,46.3,44.95,45.78,9636400.0,0.0,长白山
603099,2026-01-08,45.5,45.55,44.28,44.46,10309700.0,0.0,长白山
603099,2026-01-09,44.31,45.28,44.22,45.17,8636600.0,0.0,长白山
603099,2026-01-12,44.89,45.68,44.89,45.55,7815800.0,0.0,长白山
603099,2026-01-13,45.66,47.33,45.41,45.92,12111000.0,0.0,长白山
603099,2026-01-14,45.88,47.62,45.6,47.6,15598300.0,0.0,长白山
603099,2026-01-15,48.0,52.2,47.45,50.49,25118600.0,0.0,长白山
603099,2026-01-16,48.95,48.96,46.46,47.0,17200300.0,0.0,长白山
603099,2026-01-19,46.52,49.4,45.73,48.54,16116800.0,0.0,长白山
603099,2026-01-20,48.01,48.55,47.2,47.38,10891400.0,0.0,长白山
603099,2026-01-21,46.83,46.93,45.61,46.36,8745200.0,0.0,长白山
603099,2026-01-22,46.34,46.35,45.45,45.72,6707500.0,0.0,长白山
603099,2026-01-23,45.55,46.1,45.46,46.0,6460300.0,0.0,长白山
603099,2026-01-26,45.99,46.0,44.59,44.71,8161200.0,0.0,长白山
603099,2026-01-27,44.5,45.18,42.54,42.98,10218000.0,0.0,长白山
603099,2026-01-28,42.8,43.8,42.37,43.16,6222600.0,0.0,长白山
603099,2026-01-29,42.95,43.68,42.1,43.41,6297800.0,0.0,长白山
603099,2026-01-30,43.9,44.9,43.9,44.36,9885400.0,0.0,长白山
603099,2026-02-02,43.93,44.2,42.4,42.47,6881300.0,0.0,长白山
603099,2026-02-03,42.42,43.0,41.59,42.48,6926800.0,0.0,长白山
603099,2026-02-04,42.3,42.9,42.1,42.66,4347000.0,0.0,长白山
603099,2026-02-05,42.3,44.0,42.3,43.95,8972700.0,0.0,长白山
603099,2026-02-06,43.52,43.52,42.04,42.25,6495400.0,0.0,长白山
603099,2026-02-09,42.43,42.77,42.14,42.56,3900900.0,0.0,长白山
603099,2026-02-10,42.42,42.57,41.79,42.5,4995700.0,0.0,长白山
603099,2026-02-11,42.15,42.49,41.01,41.03,8074400.0,0.0,长白山
603099,2026-02-12,41.08,41.13,40.5,40.63,5235800.0,0.0,长白山
603099,2026-02-13,41.19,41.3,40.65,40.75,4459900.0,0.0,长白山
603099,2026-02-24,40.7,40.7,38.41,38.55,8586100.0,0.0,长白山
603099,2026-02-25,38.56,39.39,38.55,39.3,5545400.0,0.0,长白山
603099,2026-02-26,39.3,39.45,38.76,38.89,3485800.0,0.0,长白山
603099,2026-02-27,39.02,39.45,38.96,39.19,2821000.0,0.0,长白山
603099,2026-03-02,38.2,39.18,38.03,38.25,4829800.0,0.0,长白山
603099,2026-03-03,38.24,39.04,37.7,37.72,4850500.0,0.0,长白山
603099,2026-03-04,37.31,37.98,37.05,37.23,4008200.0,0.0,长白山
603099,2026-03-05,37.6,37.74,37.16,37.23,3131700.0,0.0,长白山
603099,2026-03-06,37.08,38.06,37.02,37.85,3218600.0,0.0,长白山
603099,2026-03-09,37.36,38.28,37.22,37.74,4986500.0,0.0,长白山
603099,2026-03-10,38.0,38.98,37.99,38.83,5562000.0,0.0,长白山
603099,2026-03-11,39.16,39.46,38.43,38.69,4877900.0,0.0,长白山
603099,2026-03-12,38.73,39.28,38.33,38.43,3540900.0,0.0,长白山
603099,2026-03-13,38.3,38.75,38.03,38.24,3748200.0,0.0,长白山
603099,2026-03-16,38.24,38.46,37.98,38.28,3205200.0,0.0,长白山
603099,2026-03-17,38.39,38.4,37.55,37.55,3455000.0,0.0,长白山
603099,2026-03-18,37.68,37.82,36.95,37.51,3021500.0,0.0,长白山
603099,2026-03-19,37.22,37.59,36.72,36.79,3253400.0,0.0,长白山
603099,2026-03-20,36.98,37.57,36.86,36.86,3992000.0,0.0,长白山
603099,2026-03-23,36.51,36.62,34.8,35.1,5293100.0,0.0,长白山
603099,2026-03-24,35.61,36.33,35.22,36.26,4684500.0,0.0,长白山
603099,2026-03-25,36.43,37.35,36.04,37.09,3986600.0,0.0,长白山
603099,2026-03-26,36.96,37.58,36.77,37.02,4038100.0,0.0,长白山
603099,2026-03-27,36.19,36.68,35.63,36.16,5672600.0,0.0,长白山
603099,2026-03-30,35.55,36.16,35.22,35.65,4292600.0,0.0,长白山
603099,2026-03-31,35.68,36.25,35.13,35.39,3759500.0,0.0,长白山
603099,2026-04-01,35.79,36.36,35.42,36.13,4474800.0,0.0,长白山
603099,2026-04-02,36.05,36.05,34.81,35.07,4051500.0,0.0,长白山
603099,2026-04-03,35.08,35.25,34.3,34.35,2720200.0,0.0,长白山
603099,2026-04-07,34.42,34.69,34.1,34.36,2709100.0,0.0,长白山
603099,2026-04-08,34.82,35.84,34.8,35.8,4748400.0,0.0,长白山
603099,2026-04-09,35.5,35.5,34.65,34.75,4207900.0,0.0,长白山
603099,2026-04-10,35.18,35.81,34.94,35.24,3917600.0,0.0,长白山
603099,2026-04-13,34.93,35.3,34.82,35.14,2234300.0,0.0,长白山
603099,2026-04-14,35.2,35.95,34.79,35.31,4611100.0,0.0,长白山
603099,2026-04-15,35.4,36.24,35.4,35.85,8065400.0,0.0,长白山
603099,2026-04-16,35.86,36.9,35.3,36.61,9827700.0,0.0,长白山
603099,2026-04-17,36.62,36.62,35.72,36.04,6961600.0,0.0,长白山
603099,2026-04-20,35.76,36.02,35.36,36.02,4104900.0,0.0,长白山
603099,2026-04-21,35.9,36.3,35.12,35.26,5941300.0,0.0,长白山
603099,2026-04-22,35.02,35.25,34.61,35.13,3152700.0,0.0,长白山
603099,2026-04-23,35.13,35.25,34.35,34.62,4176800.0,0.0,长白山
603099,2026-04-24,34.6,34.61,33.5,33.64,5080100.0,0.0,长白山
603099,2026-04-27,33.62,34.41,33.02,34.26,4571000.0,0.0,长白山
603099,2026-04-28,34.01,34.01,33.36,33.65,3371600.0,0.0,长白山
603099,2026-04-29,34.26,35.78,34.26,35.08,9006800.0,0.0,长白山
603099,2026-04-30,34.82,35.19,34.5,34.95,3903800.0,0.0,长白山
603099,2026-05-06,34.7,34.85,34.3,34.5,4752600.0,0.0,长白山
603099,2026-05-07,34.27,35.45,34.27,35.27,7559800.0,0.0,长白山
603099,2026-05-08,35.17,36.07,35.05,35.76,5534100.0,0.0,长白山
603099,2026-05-11,35.7,36.54,35.3,36.29,6379500.0,0.0,长白山
603099,2026-05-12,36.26,37.84,36.11,37.11,8811700.0,0.0,长白山
603099,2026-05-13,37.25,38.33,36.8,37.85,8430800.0,0.0,长白山
603099,2026-05-14,37.7,38.01,37.13,37.5,6819800.0,0.0,长白山
603099,2026-05-15,37.5,38.35,37.29,37.66,5901800.0,0.0,长白山
603099,2026-05-18,37.72,38.29,37.02,37.4,5220400.0,0.0,长白山
603099,2026-05-19,37.2,37.94,37.12,37.32,4402900.0,0.0,长白山
603099,2026-05-20,37.31,37.62,36.91,37.07,4675100.0,0.0,长白山
603099,2026-05-21,37.9,39.38,37.9,38.38,12403600.0,0.0,长白山
603099,2026-05-22,38.54,38.74,36.46,37.0,10467800.0,0.0,长白山
603099,2026-05-25,36.82,37.94,36.62,37.44,5555800.0,0.0,长白山
603099,2026-05-26,37.16,38.85,37.1,38.19,9430900.0,0.0,长白山
603099,2026-05-27,37.95,38.99,37.9,38.62,8516400.0,0.0,长白山
603099,2026-05-28,38.52,39.36,37.6,37.95,7340300.0,0.0,长白山
603099,2026-05-29,37.8,39.46,37.75,38.95,13506500.0,0.0,长白山
603099,2026-06-01,38.75,39.6,38.61,39.2,9536600.0,0.0,长白山
603099,2026-06-02,39.0,40.1,39.0,39.9,11965000.0,0.0,长白山
603099,2026-06-03,39.4,40.18,38.6,39.38,12707000.0,0.0,长白山
603099,2026-06-04,38.99,39.3,37.45,38.04,9489800.0,0.0,长白山
603099,2026-06-05,38.23,38.94,37.31,37.39,8336000.0,0.0,长白山
603099,2026-06-08,36.5,37.65,35.67,36.04,8771800.0,0.0,长白山
603099,2026-06-09,36.23,37.0,35.55,36.4,7419200.0,0.0,长白山
603099,2026-06-10,36.2,39.0,35.9,38.58,14971200.0,0.0,长白山
603099,2026-06-11,37.92,38.12,36.65,36.86,9095000.0,0.0,长白山
603099,2026-06-12,36.84,38.53,36.84,38.11,9460400.0,0.0,长白山
603099,2026-06-15,38.11,38.58,37.52,37.83,7202400.0,0.0,长白山
603099,2026-06-16,37.6,37.95,37.26,37.37,4958600.0,0.0,长白山
603099,2026-06-17,37.37,37.48,36.53,36.83,4593400.0,0.0,长白山
603099,2026-06-18,36.64,37.18,36.5,36.7,3715800.0,0.0,长白山
603099,2026-06-22,36.5,37.1,36.01,37.05,4718700.0,0.0,长白山
603099,2026-06-23,36.8,37.86,36.75,37.62,5508800.0,0.0,长白山
603099,2026-06-24,37.4,37.62,35.59,35.75,7735200.0,0.0,长白山
603099,2026-06-25,35.25,36.16,34.47,35.7,4611600.0,0.0,长白山
603099,2026-06-26,35.57,35.88,35.0,35.11,4245000.0,0.0,长白山
603099,2026-06-29,35.0,35.73,33.5,35.38,6562300.0,0.0,长白山
603099,2026-06-30,35.29,35.95,35.11,35.67,3741100.0,0.0,长白山
603099,2026-07-01,35.67,35.95,35.05,35.46,5128200.0,0.0,长白山
603099,2026-07-02,35.27,35.96,35.17,35.35,4213000.0,0.0,长白山
603099,2026-07-03,35.3,35.92,35.2,35.76,4220400.0,0.0,长白山
603099,2026-07-06,35.75,36.51,35.63,35.96,4814400.0,0.0,长白山
603099,2026-07-07,35.96,36.04,34.8,34.8,5032000.0,0.0,长白山
603099,2026-07-08,35.5,36.2,35.0,35.25,6539400.0,0.0,长白山
603099,2026-07-09,34.72,34.77,33.9,34.11,5511800.0,0.0,长白山
603099,2026-07-10,33.98,35.32,33.26,35.04,6684100.0,0.0,长白山
603099,2026-07-13,35.04,35.39,34.71,34.85,4790100.0,0.0,长白山
603099,2026-07-14,35.08,36.56,34.92,36.49,8090000.0,0.0,长白山
603099,2026-07-15,36.48,37.36,36.05,36.81,6844900.0,0.0,长白山
603099,2026-07-16,36.48,37.27,36.29,37.1,6033200.0,0.0,长白山
603099,2026-07-17,36.81,37.48,35.9,36.39,6451700.0,0.0,长白山
603099,2026-07-20,36.2,36.84,35.0,35.4,6201700.0,0.0,长白山
603099,2026-07-21,35.4,36.9,35.12,36.15,6991000.0,0.0,长白山
603099,2026-07-22,35.85,36.66,35.85,36.5,5268000.0,0.0,长白山
603099,2026-07-23,36.33,37.06,36.18,36.85,4341100.0,0.0,长白山
603099,2026-07-24,36.6,36.87,35.8,35.83,4233300.0,0.0,长白山
603099,2026-07-27,35.8,37.2,35.78,37.19,6664700.0,0.0,长白山
603099,2026-07-28,37.28,37.57,36.85,36.88,5354000.0,0.0,长白山
603099,2026-07-29,36.88,38.0,36.88,37.76,7374800.0,0.0,长白山
603099,2026-07-30,37.6,39.05,37.6,37.96,9093400.0,0.0,长白山
603099,2026-07-31,37.2,39.35,37.2,39.21,9712200.0,0.0,长白山
603099,2026-08-03,39.47,39.94,39.05,39.5,7115300.0,0.0,长白山
603099,2026-08-04,39.2,40.06,38.9,38.96,6185100.0,0.0,长白山
603099,2026-08-05,38.97,39.33,38.42,38.6,7000000.0,0.0,长白山
603099,2026-08-06,39.0,39.0,38.39,38.75,4871800.0,0.0,长白山
603099,2026-08-07,38.51,39.03,38.41,38.91,5048000.0,0.0,长白山
603099,2026-08-10,38.9,40.23,38.61,40.2,6993100.0,0.0,长白山
603099,2026-08-11,40.0,41.36,39.84,40.66,7999800.0,0.0,长白山
603099,2026-08-12,40.66,42.66,39.31,39.5,15198800.0,0.0,长白山
603099,2026-08-13,39.59,40.35,39.15,40.09,7879400.0,0.0,长白山
603099,2026-08-14,39.8,40.83,39.7,39.99,6191200.0,0.0,长白山
603099,2026-08-17,40.07,40.39,39.6,40.09,4098600.0,0.0,长白山
603099,2026-08-18,40.22,40.27,38.89,39.18,6189900.0,0.0,长白山
603099,2026-08-19,39.1,39.43,38.35,38.52,4902200.0,0.0,长白山
603099,2026-08-20,38.55,39.64,38.55,39.34,5796300.0,0.0,长白山
603099,2026-08-21,39.47,40.27,39.01,39.73,7015300.0,0.0,长白山
603099,2026-08-24,39.71,40.0,38.14,38.49,6264500.0,0.0,长白山
603099,2026-08-25,38.55,39.28,37.95,38.08,7796600.0,0.0,长白山
603099,2026-08-26,37.82,38.98,37.77,38.78,7155000.0,0.0,长白山
603099,2026-08-27,38.58,39.34,38.45,39.26,4817900.0,0.0,长白山
603099,2026-08-28,39.26,40.05,39.2,39.76,5618600.0,0.0,长白山
603099,2026-08-31,40.0,40.45,39.7,39.81,5048100.0,0.0,长白山
603099,2026-09-01,39.81,40.29,39.5,39.91,6903300.0,0.0,长白山
603099,2026-09-02,39.92,40.15,38.75,39.44,6062000.0,0.0,长白山
603099,2026-09-03,39.9,40.8,38.7,38.89,8352600.0,0.0,长白山
603099,2026-09-04,38.97,39.38,38.29,38.5,7295300.0,0.0,长白山
