code,date,open,high,low,close,volume,amount,name
688562,2023-05-24,25.19,29.05,22.8,28.6,5317700700.0,0.0,航天软件
688562,2023-05-25,26.98,31.3,26.6,28.81,4253427800.0,0.0,航天软件
688562,2023-05-26,28.11,28.49,26.9,27.0,2748267700.0,0.0,航天软件
688562,2023-05-29,27.17,28.45,26.21,26.62,1995387800.0,0.0,航天软件
688562,2023-05-30,27.5,28.2,25.58,26.46,1821836100.0,0.0,航天软件
688562,2023-05-31,26.17,31.75,26.17,31.75,3039942000.0,0.0,航天软件
688562,2023-06-01,33.03,33.6,29.91,30.69,2946404600.0,0.0,航天软件
688562,2023-06-02,30.53,32.74,30.53,30.72,2081678600.0,0.0,航天软件
688562,2023-06-05,30.63,31.7,30.41,30.99,1205324900.0,0.0,航天软件
688562,2023-06-06,30.9,31.09,27.91,27.94,1733973300.0,0.0,航天软件
688562,2023-06-07,28.18,33.53,27.87,31.38,2527785700.0,0.0,航天软件
688562,2023-06-08,31.31,33.44,31.11,31.48,1855473600.0,0.0,航天软件
688562,2023-06-09,31.65,34.94,31.6,33.99,1970292300.0,0.0,航天软件
688562,2023-06-12,33.81,35.25,32.63,33.01,1405876300.0,0.0,航天软件
688562,2023-06-13,33.0,33.66,32.12,33.1,1074263600.0,0.0,航天软件
688562,2023-06-14,32.8,33.03,31.61,32.32,863300200.0,0.0,航天软件
688562,2023-06-15,32.46,32.89,31.8,32.51,820377300.0,0.0,航天软件
688562,2023-06-16,32.34,33.12,31.0,32.01,900604700.0,0.0,航天软件
688562,2023-06-19,31.77,33.08,31.65,31.78,916142800.0,0.0,航天软件
688562,2023-06-20,31.79,32.99,31.16,31.45,1090037200.0,0.0,航天软件
688562,2023-06-21,31.0,31.37,28.9,29.15,1141279500.0,0.0,航天软件
688562,2023-06-26,29.21,29.56,27.95,28.03,519233300.0,0.0,航天软件
688562,2023-06-27,28.19,28.28,27.51,28.2,456915900.0,0.0,航天软件
688562,2023-06-28,28.11,28.11,26.1,26.84,736218700.0,0.0,航天软件
688562,2023-06-29,26.88,27.89,26.81,27.42,526748900.0,0.0,航天软件
688562,2023-06-30,27.89,27.9,27.14,27.45,513460200.0,0.0,航天软件
688562,2023-07-03,27.3,28.38,26.93,28.0,631414100.0,0.0,航天软件
688562,2023-07-04,27.7,28.66,27.67,28.12,577199300.0,0.0,航天软件
688562,2023-07-05,28.09,28.6,27.6,27.7,518328100.0,0.0,航天软件
688562,2023-07-06,27.41,28.06,27.3,27.73,288868600.0,0.0,航天软件
688562,2023-07-07,27.48,27.6,26.32,26.75,422611300.0,0.0,航天软件
688562,2023-07-10,26.82,27.15,26.65,26.66,234563200.0,0.0,航天软件
688562,2023-07-11,26.8,28.5,26.66,27.63,404719700.0,0.0,航天软件
688562,2023-07-12,27.51,27.69,26.46,26.53,419888400.0,0.0,航天软件
688562,2023-07-13,26.72,27.08,26.55,26.96,299698800.0,0.0,航天软件
688562,2023-07-14,27.0,27.58,26.87,27.21,333408900.0,0.0,航天软件
688562,2023-07-17,27.08,27.2,26.61,26.85,231475600.0,0.0,航天软件
688562,2023-07-18,26.93,26.98,26.65,26.81,175971600.0,0.0,航天软件
688562,2023-07-19,26.73,27.44,26.66,27.18,339072400.0,0.0,航天软件
688562,2023-07-20,27.57,28.46,27.33,27.37,654937000.0,0.0,航天软件
688562,2023-07-21,26.83,27.0,25.72,26.23,589194600.0,0.0,航天软件
688562,2023-07-24,26.0,26.44,25.96,26.04,201810300.0,0.0,航天软件
688562,2023-07-25,26.38,26.67,26.05,26.57,241917700.0,0.0,航天软件
688562,2023-07-26,26.7,26.7,26.0,26.04,193248100.0,0.0,航天软件
688562,2023-07-27,26.06,26.83,26.01,26.36,295472900.0,0.0,航天软件
688562,2023-07-28,26.08,27.26,26.06,26.93,366241900.0,0.0,航天软件
688562,2023-07-31,26.97,27.79,26.71,27.5,392356400.0,0.0,航天软件
688562,2023-08-01,27.88,27.88,27.2,27.52,316209800.0,0.0,航天软件
688562,2023-08-02,27.31,27.95,27.22,27.68,302619100.0,0.0,航天软件
688562,2023-08-03,27.6,28.14,27.33,28.06,408857500.0,0.0,航天软件
688562,2023-08-04,28.0,29.68,28.0,29.15,781049400.0,0.0,航天软件
688562,2023-08-07,29.0,31.99,28.81,30.96,1191071200.0,0.0,航天软件
688562,2023-08-08,30.53,31.14,29.72,29.96,694819700.0,0.0,航天软件
688562,2023-08-09,29.9,30.59,29.36,29.37,458566700.0,0.0,航天软件
688562,2023-08-10,29.26,29.57,28.31,28.35,582535200.0,0.0,航天软件
688562,2023-08-11,28.5,28.85,27.89,27.91,396819600.0,0.0,航天软件
688562,2023-08-14,27.51,28.94,26.88,28.8,460705700.0,0.0,航天软件
688562,2023-08-15,28.63,28.94,27.77,28.12,340884600.0,0.0,航天软件
688562,2023-08-16,28.25,28.48,27.18,27.31,301246700.0,0.0,航天软件
688562,2023-08-17,27.32,29.49,26.92,28.82,623966600.0,0.0,航天软件
688562,2023-08-18,29.35,30.98,29.1,29.22,817511700.0,0.0,航天软件
688562,2023-08-21,29.52,30.5,28.9,29.48,667867600.0,0.0,航天软件
688562,2023-08-22,29.07,30.44,28.62,29.7,712770600.0,0.0,航天软件
688562,2023-08-23,29.35,29.43,28.35,28.45,422585000.0,0.0,航天软件
688562,2023-08-24,28.81,28.81,27.0,27.55,520791700.0,0.0,航天软件
688562,2023-08-25,27.3,27.31,24.6,24.9,720271700.0,0.0,航天软件
688562,2023-08-28,26.61,26.9,24.1,24.13,541745100.0,0.0,航天软件
688562,2023-08-29,24.06,25.79,24.06,25.7,489989900.0,0.0,航天软件
688562,2023-08-30,25.83,27.23,25.83,27.08,570842300.0,0.0,航天软件
688562,2023-08-31,26.89,28.17,26.6,27.43,448529700.0,0.0,航天软件
688562,2023-09-01,27.57,27.66,26.7,26.97,312552000.0,0.0,航天软件
688562,2023-09-04,27.0,27.15,25.85,26.2,410231800.0,0.0,航天软件
688562,2023-09-05,26.19,26.39,25.73,25.89,254278300.0,0.0,航天软件
688562,2023-09-06,25.69,26.23,25.56,26.2,260222900.0,0.0,航天软件
688562,2023-09-07,26.18,26.18,25.41,25.42,264371100.0,0.0,航天软件
688562,2023-09-08,25.36,26.37,25.3,26.08,293583600.0,0.0,航天软件
688562,2023-09-11,25.91,26.27,25.52,25.99,235537000.0,0.0,航天软件
688562,2023-09-12,25.81,25.98,25.5,25.57,185299200.0,0.0,航天软件
688562,2023-09-13,25.52,25.62,24.68,25.13,302443500.0,0.0,航天软件
688562,2023-09-14,25.1,25.1,24.52,24.68,131327800.0,0.0,航天软件
688562,2023-09-15,24.79,25.08,24.4,24.79,146224900.0,0.0,航天软件
688562,2023-09-18,24.7,25.1,24.51,24.64,142382100.0,0.0,航天软件
688562,2023-09-19,24.78,24.8,24.18,24.23,146692900.0,0.0,航天软件
688562,2023-09-20,24.1,24.56,23.86,23.98,122011300.0,0.0,航天软件
688562,2023-09-21,23.83,24.3,23.82,24.08,132103300.0,0.0,航天软件
688562,2023-09-22,24.04,24.82,23.87,24.8,218588500.0,0.0,航天软件
688562,2023-09-25,24.8,24.93,24.29,24.84,209630400.0,0.0,航天软件
688562,2023-09-26,24.73,25.15,24.7,24.85,196886300.0,0.0,航天软件
688562,2023-09-27,24.85,25.32,24.6,25.08,194829600.0,0.0,航天软件
688562,2023-09-28,25.07,25.65,24.99,25.48,193805700.0,0.0,航天软件
688562,2023-10-09,25.48,25.49,24.93,25.24,143341200.0,0.0,航天软件
688562,2023-10-10,25.22,25.6,25.15,25.38,141996000.0,0.0,航天软件
688562,2023-10-11,25.51,25.96,25.14,25.66,207150500.0,0.0,航天软件
688562,2023-10-12,25.72,25.79,25.35,25.56,182365900.0,0.0,航天软件
688562,2023-10-13,25.5,25.5,25.08,25.33,144328100.0,0.0,航天软件
688562,2023-10-16,25.33,25.86,25.12,25.42,170760400.0,0.0,航天软件
688562,2023-10-17,25.36,26.33,25.28,26.25,369210100.0,0.0,航天软件
688562,2023-10-18,26.05,26.21,24.74,25.92,362251600.0,0.0,航天软件
688562,2023-10-19,25.7,26.59,25.33,25.45,287629700.0,0.0,航天软件
688562,2023-10-20,25.42,25.85,25.05,25.42,214207600.0,0.0,航天软件
688562,2023-10-23,25.24,25.98,24.71,25.36,248329400.0,0.0,航天软件
688562,2023-10-24,25.33,26.48,24.77,26.29,333024400.0,0.0,航天软件
688562,2023-10-25,26.2,26.42,25.52,25.64,252801000.0,0.0,航天软件
688562,2023-10-26,25.59,25.97,25.27,25.96,157122300.0,0.0,航天软件
688562,2023-10-27,25.66,26.04,24.82,26.04,283691800.0,0.0,航天软件
688562,2023-10-30,25.87,26.86,25.79,26.66,301773900.0,0.0,航天软件
688562,2023-10-31,26.66,27.49,26.6,27.1,309288500.0,0.0,航天软件
688562,2023-11-01,27.09,27.09,26.06,26.21,239598500.0,0.0,航天软件
688562,2023-11-02,26.19,26.45,25.7,25.9,152294100.0,0.0,航天软件
688562,2023-11-03,25.89,26.28,25.88,26.05,88780200.0,0.0,航天软件
688562,2023-11-06,26.1,26.37,25.7,26.1,357420400.0,0.0,航天软件
688562,2023-11-07,26.08,26.08,25.46,25.71,378486400.0,0.0,航天软件
688562,2023-11-08,25.76,25.97,25.36,25.43,392694200.0,0.0,航天软件
688562,2023-11-09,25.42,25.55,24.86,25.26,303589200.0,0.0,航天软件
688562,2023-11-10,25.3,25.42,24.94,25.26,143298900.0,0.0,航天软件
688562,2023-11-13,25.38,25.62,25.23,25.52,233346400.0,0.0,航天软件
688562,2023-11-14,25.54,25.95,25.39,25.62,291941800.0,0.0,航天软件
688562,2023-11-15,25.6,25.74,25.2,25.44,316188300.0,0.0,航天软件
688562,2023-11-16,25.38,25.38,24.88,24.91,287515800.0,0.0,航天软件
688562,2023-11-17,24.82,25.29,24.78,25.19,155728800.0,0.0,航天软件
688562,2023-11-20,25.15,25.38,24.88,25.17,199860100.0,0.0,航天软件
688562,2023-11-21,25.18,25.3,24.82,24.82,228652800.0,0.0,航天软件
688562,2023-11-22,24.82,24.86,24.0,24.0,279403100.0,0.0,航天软件
688562,2023-11-23,23.98,24.02,23.7,23.92,206943600.0,0.0,航天软件
688562,2023-11-24,23.79,23.9,23.11,23.33,442386700.0,0.0,航天软件
688562,2023-11-27,23.21,24.12,23.1,24.02,314753300.0,0.0,航天软件
688562,2023-11-28,23.96,24.36,23.86,24.06,185058600.0,0.0,航天软件
688562,2023-11-29,23.94,24.1,23.44,23.45,127773700.0,0.0,航天软件
688562,2023-11-30,23.4,23.88,23.36,23.78,138768700.0,0.0,航天软件
688562,2023-12-01,23.62,23.95,23.43,23.88,142298300.0,0.0,航天软件
688562,2023-12-04,23.98,24.26,23.77,24.13,198383100.0,0.0,航天软件
688562,2023-12-05,24.0,24.1,23.36,23.56,172340700.0,0.0,航天软件
688562,2023-12-06,23.41,23.75,23.31,23.54,92750600.0,0.0,航天软件
688562,2023-12-07,23.39,23.73,23.23,23.58,90397700.0,0.0,航天软件
688562,2023-12-08,23.53,24.49,23.53,23.99,275679400.0,0.0,航天软件
688562,2023-12-11,23.95,24.18,23.6,24.12,141355500.0,0.0,航天软件
688562,2023-12-12,24.12,24.48,23.94,24.18,142119500.0,0.0,航天软件
688562,2023-12-13,24.16,24.34,23.95,24.04,100169700.0,0.0,航天软件
688562,2023-12-14,24.22,24.25,23.67,23.71,106521400.0,0.0,航天软件
688562,2023-12-15,23.79,23.8,23.48,23.58,73597800.0,0.0,航天软件
688562,2023-12-18,23.59,23.73,23.23,23.5,110261100.0,0.0,航天软件
688562,2023-12-19,23.4,23.77,23.25,23.69,74205300.0,0.0,航天软件
688562,2023-12-20,23.74,23.77,23.49,23.56,69212400.0,0.0,航天软件
688562,2023-12-21,23.48,24.6,23.48,24.41,381642100.0,0.0,航天软件
688562,2023-12-22,24.4,24.52,23.53,23.69,234668900.0,0.0,航天软件
688562,2023-12-25,23.69,23.88,23.25,23.54,124201000.0,0.0,航天软件
688562,2023-12-26,23.4,23.48,22.64,22.91,166391700.0,0.0,航天软件
688562,2023-12-27,22.8,23.28,22.8,23.06,71543900.0,0.0,航天软件
688562,2023-12-28,22.99,23.77,22.77,23.67,200184600.0,0.0,航天软件
688562,2023-12-29,23.68,24.16,23.6,24.0,172012200.0,0.0,航天软件
688562,2024-01-02,24.12,24.12,23.71,23.85,105879700.0,0.0,航天软件
688562,2024-01-03,23.85,23.86,23.02,23.11,146911700.0,0.0,航天软件
688562,2024-01-04,23.11,23.22,22.9,23.07,67649800.0,0.0,航天软件
688562,2024-01-05,23.18,23.18,22.12,22.18,190636200.0,0.0,航天软件
688562,2024-01-08,22.16,22.2,21.19,21.22,138909700.0,0.0,航天软件
688562,2024-01-09,21.26,21.32,20.33,20.52,231162900.0,0.0,航天软件
688562,2024-01-10,20.45,20.7,19.81,20.39,124085700.0,0.0,航天软件
688562,2024-01-11,20.27,20.81,20.26,20.72,108999700.0,0.0,航天软件
688562,2024-01-12,20.71,20.79,20.2,20.3,111782500.0,0.0,航天软件
688562,2024-01-15,20.25,20.42,20.03,20.09,66614800.0,0.0,航天软件
688562,2024-01-16,20.09,20.22,19.51,20.17,148420700.0,0.0,航天软件
688562,2024-01-17,20.05,20.23,19.7,19.7,94453900.0,0.0,航天软件
688562,2024-01-18,19.7,19.89,19.02,19.81,158510800.0,0.0,航天软件
688562,2024-01-19,19.9,19.93,19.28,19.32,84946400.0,0.0,航天软件
688562,2024-01-22,19.2,19.29,17.99,18.09,175623300.0,0.0,航天软件
688562,2024-01-23,17.98,18.51,17.7,18.36,117085500.0,0.0,航天软件
688562,2024-01-24,18.5,19.07,18.01,19.04,150386000.0,0.0,航天软件
688562,2024-01-25,19.15,20.24,18.8,19.78,174012300.0,0.0,航天软件
688562,2024-01-26,19.81,19.95,19.26,19.42,125934200.0,0.0,航天软件
688562,2024-01-29,19.75,20.35,19.4,19.49,206268700.0,0.0,航天软件
688562,2024-01-30,19.39,19.65,18.57,18.6,138165300.0,0.0,航天软件
688562,2024-01-31,18.59,19.18,17.83,17.87,205395600.0,0.0,航天软件
688562,2024-02-01,17.72,18.46,17.36,17.79,127719300.0,0.0,航天软件
688562,2024-02-02,17.9,18.19,16.33,16.83,159838500.0,0.0,航天软件
688562,2024-02-05,16.74,16.75,15.0,15.0,212711000.0,0.0,航天软件
688562,2024-02-06,14.8,16.33,14.2,16.0,209491200.0,0.0,航天软件
688562,2024-02-07,16.0,16.88,15.35,15.56,211910000.0,0.0,航天软件
688562,2024-02-08,15.69,16.95,15.65,16.84,221745400.0,0.0,航天软件
688562,2024-02-19,17.07,17.57,16.7,17.19,195057900.0,0.0,航天软件
688562,2024-02-20,17.11,17.2,16.75,17.15,119576800.0,0.0,航天软件
688562,2024-02-21,17.05,17.82,16.89,17.45,181279000.0,0.0,航天软件
688562,2024-02-22,17.33,18.41,17.33,18.12,276714100.0,0.0,航天软件
688562,2024-02-23,18.0,18.36,17.82,18.32,259745500.0,0.0,航天软件
688562,2024-02-26,18.34,18.91,18.1,18.39,276319400.0,0.0,航天软件
688562,2024-02-27,19.21,19.79,18.56,19.16,391726900.0,0.0,航天软件
688562,2024-02-28,19.27,19.57,17.4,17.4,422249700.0,0.0,航天软件
688562,2024-02-29,17.43,18.24,17.3,18.22,266224900.0,0.0,航天软件
688562,2024-03-01,18.41,18.73,18.12,18.58,287629900.0,0.0,航天软件
688562,2024-03-04,18.57,18.77,18.22,18.41,234801700.0,0.0,航天软件
688562,2024-03-05,18.5,18.52,17.75,17.9,250951900.0,0.0,航天软件
688562,2024-03-06,17.77,18.01,17.48,17.69,223352900.0,0.0,航天软件
688562,2024-03-07,17.78,18.01,17.24,17.28,165443400.0,0.0,航天软件
688562,2024-03-08,17.38,17.9,17.13,17.86,214496000.0,0.0,航天软件
688562,2024-03-11,17.99,18.16,17.58,18.14,228420300.0,0.0,航天软件
688562,2024-03-12,18.12,18.49,17.95,18.37,260707800.0,0.0,航天软件
688562,2024-03-13,18.38,18.88,18.19,18.51,387975800.0,0.0,航天软件
688562,2024-03-14,18.5,18.58,17.82,18.03,319370600.0,0.0,航天软件
688562,2024-03-15,17.93,18.11,17.55,17.89,301794500.0,0.0,航天软件
688562,2024-03-18,17.95,18.35,17.95,18.35,295811000.0,0.0,航天软件
688562,2024-03-19,18.34,18.62,18.14,18.42,312395000.0,0.0,航天软件
688562,2024-03-20,18.31,18.75,18.31,18.75,261641300.0,0.0,航天软件
688562,2024-03-21,18.9,19.47,18.59,18.98,469327400.0,0.0,航天软件
688562,2024-03-22,18.88,18.9,18.01,18.3,362186900.0,0.0,航天软件
688562,2024-03-25,18.21,18.44,17.44,17.49,242714000.0,0.0,航天软件
688562,2024-03-26,17.53,17.56,16.95,17.18,194338500.0,0.0,航天软件
688562,2024-03-27,17.18,17.2,16.35,16.37,181932300.0,0.0,航天软件
688562,2024-03-28,16.32,17.36,16.32,17.12,251440700.0,0.0,航天软件
688562,2024-03-29,17.0,17.33,16.79,17.25,179164300.0,0.0,航天软件
688562,2024-04-01,17.25,17.57,17.2,17.56,149362900.0,0.0,航天软件
688562,2024-04-02,17.57,17.57,17.1,17.28,158699600.0,0.0,航天软件
688562,2024-04-03,17.28,17.28,16.64,16.87,152890800.0,0.0,航天软件
688562,2024-04-08,16.97,16.98,16.0,16.02,324043600.0,0.0,航天软件
688562,2024-04-09,16.14,16.3,15.97,16.21,103723400.0,0.0,航天软件
688562,2024-04-10,16.21,16.22,15.6,15.8,128698500.0,0.0,航天软件
688562,2024-04-11,15.8,16.06,15.66,15.8,112251800.0,0.0,航天软件
688562,2024-04-12,15.71,15.99,15.61,15.61,100711400.0,0.0,航天软件
688562,2024-04-15,15.46,15.85,14.95,15.17,199648400.0,0.0,航天软件
688562,2024-04-16,15.0,15.01,14.36,14.38,212052700.0,0.0,航天软件
688562,2024-04-17,14.5,15.23,14.5,15.15,173516900.0,0.0,航天软件
688562,2024-04-18,15.22,15.57,14.95,15.24,163876400.0,0.0,航天软件
688562,2024-04-19,14.96,15.33,14.72,15.15,162852000.0,0.0,航天软件
688562,2024-04-22,15.5,16.16,15.48,15.59,348383700.0,0.0,航天软件
688562,2024-04-23,16.78,17.78,16.4,16.99,850382900.0,0.0,航天软件
688562,2024-04-24,15.88,17.16,15.88,16.79,735520800.0,0.0,航天软件
688562,2024-04-25,16.68,16.73,15.65,15.77,554859800.0,0.0,航天软件
688562,2024-04-26,15.6,16.9,15.48,16.58,592586800.0,0.0,航天软件
688562,2024-04-29,16.5,16.74,16.4,16.59,421828300.0,0.0,航天软件
688562,2024-04-30,16.5,16.69,16.04,16.13,290060300.0,0.0,航天软件
688562,2024-05-06,16.2,16.38,16.12,16.24,251358900.0,0.0,航天软件
688562,2024-05-07,16.14,17.13,16.12,16.63,501682300.0,0.0,航天软件
688562,2024-05-08,16.58,16.58,15.93,16.07,327734000.0,0.0,航天软件
688562,2024-05-09,16.0,16.35,16.0,16.2,236590200.0,0.0,航天软件
688562,2024-05-10,16.19,16.33,15.6,15.68,259445400.0,0.0,航天软件
688562,2024-05-13,15.51,15.58,15.12,15.21,200220600.0,0.0,航天软件
688562,2024-05-14,15.27,15.54,15.21,15.5,159871100.0,0.0,航天软件
688562,2024-05-15,15.42,15.67,15.18,15.25,146390600.0,0.0,航天软件
688562,2024-05-16,15.32,15.43,15.21,15.29,101399100.0,0.0,航天软件
688562,2024-05-17,15.29,15.56,15.1,15.51,152305600.0,0.0,航天软件
688562,2024-05-20,15.49,16.03,15.3,15.9,263334700.0,0.0,航天软件
688562,2024-05-21,15.8,15.88,15.4,15.44,139063600.0,0.0,航天软件
688562,2024-05-22,15.3,15.54,15.28,15.49,96777000.0,0.0,航天软件
688562,2024-05-23,15.5,16.56,15.48,15.75,455484300.0,0.0,航天软件
688562,2024-05-24,15.58,15.69,14.72,14.83,536609900.0,0.0,航天软件
688562,2024-05-27,14.8,14.95,14.43,14.69,264063600.0,0.0,航天软件
688562,2024-05-28,14.69,14.83,14.37,14.44,220307800.0,0.0,航天软件
688562,2024-05-29,14.48,14.79,14.48,14.57,158013300.0,0.0,航天软件
688562,2024-05-30,14.5,14.86,14.28,14.69,327713400.0,0.0,航天软件
688562,2024-05-31,14.86,16.08,14.8,15.63,830091700.0,0.0,航天软件
688562,2024-06-03,15.63,15.86,15.09,15.25,449480200.0,0.0,航天软件
688562,2024-06-04,15.05,15.11,14.59,14.79,363705900.0,0.0,航天软件
688562,2024-06-05,14.81,15.23,14.66,14.71,315106800.0,0.0,航天软件
688562,2024-06-06,14.75,14.83,13.6,13.64,524181400.0,0.0,航天软件
688562,2024-06-07,13.74,13.97,13.74,13.91,336529900.0,0.0,航天软件
688562,2024-06-11,13.85,14.92,13.57,14.66,493295300.0,0.0,航天软件
688562,2024-06-12,14.63,15.2,14.55,14.64,414886000.0,0.0,航天软件
688562,2024-06-13,14.63,15.69,14.48,15.26,681240800.0,0.0,航天软件
688562,2024-06-14,15.2,15.31,14.89,15.22,425347000.0,0.0,航天软件
688562,2024-06-17,15.3,15.55,15.2,15.32,330809900.0,0.0,航天软件
688562,2024-06-18,15.23,15.63,15.23,15.5,228045900.0,0.0,航天软件
688562,2024-06-19,15.13,15.47,15.08,15.28,360064600.0,0.0,航天软件
688562,2024-06-20,15.27,15.85,15.19,15.35,455873400.0,0.0,航天软件
688562,2024-06-21,15.31,15.47,15.0,15.38,290539300.0,0.0,航天软件
688562,2024-06-24,15.5,16.06,15.01,15.01,627540100.0,0.0,航天软件
688562,2024-06-25,15.01,15.39,14.7,15.12,432206600.0,0.0,航天软件
688562,2024-06-26,15.24,15.81,14.93,15.78,377614300.0,0.0,航天软件
688562,2024-06-27,15.74,15.79,15.27,15.28,317602800.0,0.0,航天软件
688562,2024-06-28,15.23,15.59,15.21,15.27,252334900.0,0.0,航天软件
688562,2024-07-01,15.25,15.37,14.55,14.81,342233900.0,0.0,航天软件
688562,2024-07-02,14.82,15.05,14.72,14.8,197408900.0,0.0,航天软件
688562,2024-07-03,14.71,14.94,14.48,14.48,236398500.0,0.0,航天软件
688562,2024-07-04,14.43,14.53,13.91,13.93,210335900.0,0.0,航天软件
688562,2024-07-05,13.93,14.29,13.82,14.2,158192200.0,0.0,航天软件
688562,2024-07-08,14.14,14.14,13.52,13.53,234030300.0,0.0,航天软件
688562,2024-07-09,13.53,13.82,13.18,13.75,191967900.0,0.0,航天软件
688562,2024-07-10,13.71,13.84,13.5,13.62,123429500.0,0.0,航天软件
688562,2024-07-11,13.87,14.11,13.87,13.96,171941900.0,0.0,航天软件
688562,2024-07-12,13.9,14.04,13.75,13.78,108435100.0,0.0,航天软件
688562,2024-07-15,13.78,13.82,13.44,13.49,98157500.0,0.0,航天软件
688562,2024-07-16,13.46,13.81,13.43,13.75,92721500.0,0.0,航天软件
688562,2024-07-17,13.76,14.05,13.69,13.72,139791800.0,0.0,航天软件
688562,2024-07-18,13.7,14.07,13.35,13.93,155504700.0,0.0,航天软件
688562,2024-07-19,13.83,14.21,13.82,14.12,151326900.0,0.0,航天软件
688562,2024-07-22,14.36,14.56,14.23,14.29,215116500.0,0.0,航天软件
688562,2024-07-23,14.27,14.3,13.87,13.91,156494900.0,0.0,航天软件
688562,2024-07-24,13.92,14.07,13.66,13.84,136589000.0,0.0,航天软件
688562,2024-07-25,13.7,14.01,13.61,13.87,109146100.0,0.0,航天软件
688562,2024-07-26,13.96,14.4,13.91,14.34,170893500.0,0.0,航天软件
688562,2024-07-29,14.4,14.58,14.22,14.49,176094800.0,0.0,航天软件
688562,2024-07-30,14.45,14.95,14.38,14.83,262381100.0,0.0,航天软件
688562,2024-07-31,14.78,15.27,14.63,15.18,380887800.0,0.0,航天软件
688562,2024-08-01,15.28,16.16,15.25,15.73,618019800.0,0.0,航天软件
688562,2024-08-02,15.55,16.13,15.3,15.34,507838200.0,0.0,航天软件
688562,2024-08-05,15.11,15.68,14.71,14.72,418573500.0,0.0,航天软件
688562,2024-08-06,14.86,15.38,14.81,15.19,284925900.0,0.0,航天软件
688562,2024-08-07,15.1,15.68,15.01,15.53,395698100.0,0.0,航天软件
688562,2024-08-08,15.51,15.53,14.86,14.94,322810300.0,0.0,航天软件
688562,2024-08-09,14.98,15.09,14.7,14.73,183004800.0,0.0,航天软件
688562,2024-08-12,14.68,14.74,14.2,14.34,180350000.0,0.0,航天软件
688562,2024-08-13,14.35,14.48,14.26,14.42,99331700.0,0.0,航天软件
688562,2024-08-14,14.44,14.51,14.21,14.26,91971100.0,0.0,航天软件
688562,2024-08-15,14.26,14.56,14.11,14.32,134946400.0,0.0,航天软件
688562,2024-08-16,14.42,14.44,14.15,14.17,126799800.0,0.0,航天软件
688562,2024-08-19,14.11,14.31,13.99,14.06,106308700.0,0.0,航天软件
688562,2024-08-20,14.0,14.08,13.71,13.72,131540700.0,0.0,航天软件
688562,2024-08-21,13.7,13.85,13.6,13.76,91862600.0,0.0,航天软件
688562,2024-08-22,13.68,13.68,12.93,13.0,300441100.0,0.0,航天软件
688562,2024-08-23,12.96,13.15,12.7,12.89,132553000.0,0.0,航天软件
688562,2024-08-26,12.88,13.06,12.74,12.83,118350500.0,0.0,航天软件
688562,2024-08-27,12.78,12.86,12.51,12.57,128986700.0,0.0,航天软件
688562,2024-08-28,12.57,12.88,12.51,12.69,66197700.0,0.0,航天软件
688562,2024-08-29,12.69,13.06,12.57,13.02,111682900.0,0.0,航天软件
688562,2024-08-30,13.04,13.35,12.95,13.16,145407200.0,0.0,航天软件
688562,2024-09-02,13.15,13.22,12.71,12.72,97215600.0,0.0,航天软件
688562,2024-09-03,12.73,13.06,12.7,13.06,135690000.0,0.0,航天软件
688562,2024-09-04,12.98,13.1,12.83,12.88,124265700.0,0.0,航天软件
688562,2024-09-05,12.85,13.07,12.81,12.9,111053100.0,0.0,航天软件
688562,2024-09-06,12.95,12.95,12.47,12.56,108729000.0,0.0,航天软件
688562,2024-09-09,12.41,12.61,12.36,12.52,77805000.0,0.0,航天软件
688562,2024-09-10,12.6,12.87,12.49,12.81,108854200.0,0.0,航天软件
688562,2024-09-11,12.79,12.87,12.64,12.7,76250200.0,0.0,航天软件
688562,2024-09-12,12.64,12.9,12.64,12.68,112047100.0,0.0,航天软件
688562,2024-09-13,12.68,12.69,12.25,12.26,115646600.0,0.0,航天软件
688562,2024-09-18,12.36,12.36,11.88,12.08,127092900.0,0.0,航天软件
688562,2024-09-19,12.13,12.53,11.92,12.46,149420800.0,0.0,航天软件
688562,2024-09-20,12.5,12.69,12.4,12.55,110234400.0,0.0,航天软件
688562,2024-09-23,12.59,12.87,12.5,12.55,124934300.0,0.0,航天软件
688562,2024-09-24,12.63,13.03,12.42,12.99,181779400.0,0.0,航天软件
688562,2024-09-25,13.13,13.45,13.04,13.15,238124000.0,0.0,航天软件
688562,2024-09-26,13.18,13.63,13.16,13.61,221636100.0,0.0,航天软件
688562,2024-09-27,14.0,14.37,13.95,14.3,251366800.0,0.0,航天软件
688562,2024-09-30,15.45,16.46,14.8,16.33,918841400.0,0.0,航天软件
688562,2024-10-08,19.25,19.25,17.4,19.09,1392085300.0,0.0,航天软件
688562,2024-10-09,18.08,18.7,16.45,16.45,1008628300.0,0.0,航天软件
688562,2024-10-10,16.67,17.24,16.33,16.63,671651300.0,0.0,航天软件
688562,2024-10-11,16.51,16.55,15.19,15.74,475867600.0,0.0,航天软件
688562,2024-10-14,15.71,16.25,15.57,16.19,507550900.0,0.0,航天软件
688562,2024-10-15,16.08,16.49,15.71,15.75,484368500.0,0.0,航天软件
688562,2024-10-16,15.71,15.92,15.35,15.64,373793200.0,0.0,航天软件
688562,2024-10-17,15.68,16.21,15.68,15.8,500397000.0,0.0,航天软件
688562,2024-10-18,15.7,16.98,15.52,16.54,628856600.0,0.0,航天软件
688562,2024-10-21,16.79,17.84,16.66,17.33,832403100.0,0.0,航天软件
688562,2024-10-22,17.39,17.43,16.87,17.17,557382500.0,0.0,航天软件
688562,2024-10-23,17.15,17.98,17.03,17.58,708604700.0,0.0,航天软件
688562,2024-10-24,17.4,17.63,17.01,17.07,440612100.0,0.0,航天软件
688562,2024-10-25,17.19,17.48,17.04,17.26,397287100.0,0.0,航天软件
688562,2024-10-28,17.28,17.96,17.21,17.72,535784900.0,0.0,航天软件
688562,2024-10-29,17.89,18.28,17.71,17.75,674553200.0,0.0,航天软件
688562,2024-10-30,17.57,17.66,17.17,17.41,498321200.0,0.0,航天软件
688562,2024-10-31,17.18,17.63,16.75,17.38,520533000.0,0.0,航天软件
688562,2024-11-01,17.38,17.47,16.25,16.27,533249700.0,0.0,航天软件
688562,2024-11-04,16.19,16.83,16.1,16.8,312396700.0,0.0,航天软件
688562,2024-11-05,16.8,17.94,16.65,17.8,542201900.0,0.0,航天软件
688562,2024-11-06,17.98,18.44,17.61,17.82,686290200.0,0.0,航天软件
688562,2024-11-07,17.66,18.14,17.52,18.08,503663600.0,0.0,航天软件
688562,2024-11-08,18.29,20.89,18.15,19.45,1478856500.0,0.0,航天软件
688562,2024-11-11,20.47,21.53,19.8,20.84,1485208500.0,0.0,航天软件
688562,2024-11-12,20.69,20.79,19.23,19.58,1079560100.0,0.0,航天软件
688562,2024-11-13,19.8,20.0,19.0,19.53,575118600.0,0.0,航天软件
688562,2024-11-14,19.36,19.63,18.53,18.57,542531200.0,0.0,航天软件
688562,2024-11-15,18.69,18.97,17.92,17.92,470059200.0,0.0,航天软件
688562,2024-11-18,18.12,18.19,17.1,17.28,389281100.0,0.0,航天软件
688562,2024-11-19,17.5,17.77,17.16,17.53,368129900.0,0.0,航天软件
688562,2024-11-20,17.65,18.3,17.44,18.15,389744000.0,0.0,航天软件
688562,2024-11-21,18.16,20.54,17.92,19.29,889276400.0,0.0,航天软件
688562,2024-11-22,18.48,18.77,18.0,18.0,891165100.0,0.0,航天软件
688562,2024-11-25,17.8,18.01,17.05,17.41,443221900.0,0.0,航天软件
688562,2024-11-26,17.29,17.64,16.75,16.79,327534300.0,0.0,航天软件
688562,2024-11-27,16.84,17.48,16.4,17.44,439046500.0,0.0,航天软件
688562,2024-11-28,17.44,17.61,17.0,17.08,303991700.0,0.0,航天软件
688562,2024-11-29,17.08,17.58,16.83,17.31,301636500.0,0.0,航天软件
688562,2024-12-02,17.48,17.69,17.31,17.56,292806500.0,0.0,航天软件
688562,2024-12-03,17.59,17.61,17.18,17.37,246746600.0,0.0,航天软件
688562,2024-12-04,17.4,17.55,16.99,17.02,275794400.0,0.0,航天软件
688562,2024-12-05,17.02,17.59,17.0,17.45,318694600.0,0.0,航天软件
688562,2024-12-06,17.98,18.15,17.31,17.73,476174600.0,0.0,航天软件
688562,2024-12-09,17.71,17.92,17.23,17.48,280177700.0,0.0,航天软件
688562,2024-12-10,18.01,18.16,17.62,17.68,415885100.0,0.0,航天软件
688562,2024-12-11,17.74,18.05,17.54,17.97,293156000.0,0.0,航天软件
688562,2024-12-12,18.03,18.24,17.59,17.98,377777200.0,0.0,航天软件
688562,2024-12-13,17.98,17.98,17.46,17.49,262157500.0,0.0,航天软件
688562,2024-12-16,17.49,17.61,17.08,17.24,211850200.0,0.0,航天软件
688562,2024-12-17,17.18,17.28,16.48,16.66,246878900.0,0.0,航天软件
688562,2024-12-18,16.67,17.06,16.45,16.8,191415400.0,0.0,航天软件
688562,2024-12-19,16.68,16.91,16.51,16.86,140851400.0,0.0,航天软件
688562,2024-12-20,16.87,17.36,16.7,17.21,195275200.0,0.0,航天软件
688562,2024-12-23,17.25,17.25,16.41,16.42,242222100.0,0.0,航天软件
688562,2024-12-24,16.6,16.72,16.23,16.57,146421200.0,0.0,航天软件
688562,2024-12-25,16.69,16.69,16.01,16.21,156158200.0,0.0,航天软件
688562,2024-12-26,16.23,16.48,16.14,16.38,101835500.0,0.0,航天软件
688562,2024-12-27,16.45,16.82,16.36,16.45,161309400.0,0.0,航天软件
688562,2024-12-30,16.45,16.7,16.01,16.49,152544500.0,0.0,航天软件
688562,2024-12-31,16.47,16.52,15.88,15.91,158053800.0,0.0,航天软件
688562,2025-01-02,15.86,16.0,15.11,15.25,185399800.0,0.0,航天软件
688562,2025-01-03,15.28,15.29,14.58,14.61,168739700.0,0.0,航天软件
688562,2025-01-06,14.66,14.78,14.3,14.45,139096500.0,0.0,航天软件
688562,2025-01-07,14.5,14.71,14.32,14.7,133231100.0,0.0,航天软件
688562,2025-01-08,14.7,14.73,13.99,14.4,209927100.0,0.0,航天软件
688562,2025-01-09,14.39,14.65,14.25,14.52,157645000.0,0.0,航天软件
688562,2025-01-10,14.55,14.7,14.13,14.13,138998300.0,0.0,航天软件
688562,2025-01-13,13.95,14.4,13.77,14.36,152568100.0,0.0,航天软件
688562,2025-01-14,14.39,14.9,14.36,14.84,218471000.0,0.0,航天软件
688562,2025-01-15,14.81,14.88,14.5,14.56,158197600.0,0.0,航天软件
688562,2025-01-16,14.6,14.82,14.28,14.55,190186000.0,0.0,航天软件
688562,2025-01-17,14.48,14.56,14.21,14.4,164951400.0,0.0,航天软件
688562,2025-01-20,14.5,14.59,14.35,14.47,156183500.0,0.0,航天软件
688562,2025-01-21,14.55,14.67,14.2,14.35,180916900.0,0.0,航天软件
688562,2025-01-22,14.3,14.43,14.01,14.25,155915700.0,0.0,航天软件
688562,2025-01-23,14.43,14.85,14.36,14.36,266048700.0,0.0,航天软件
688562,2025-01-24,14.3,14.64,14.26,14.55,352728800.0,0.0,航天软件
688562,2025-01-27,14.56,14.74,14.26,14.3,227241300.0,0.0,航天软件
688562,2025-02-05,14.59,15.1,14.52,14.87,333436200.0,0.0,航天软件
688562,2025-02-06,14.9,15.35,14.76,15.31,244276300.0,0.0,航天软件
688562,2025-02-07,15.35,16.22,15.3,15.78,492226400.0,0.0,航天软件
688562,2025-02-10,15.89,16.72,15.88,16.65,545610400.0,0.0,航天软件
688562,2025-02-11,16.53,16.53,16.13,16.21,372912300.0,0.0,航天软件
688562,2025-02-12,16.21,16.69,16.17,16.57,422593900.0,0.0,航天软件
688562,2025-02-13,16.61,16.65,16.25,16.31,325705300.0,0.0,航天软件
688562,2025-02-14,16.32,17.57,16.31,17.26,935525600.0,0.0,航天软件
688562,2025-02-17,17.45,17.5,16.83,17.09,594723000.0,0.0,航天软件
688562,2025-02-18,17.0,17.18,16.27,16.3,446991200.0,0.0,航天软件
688562,2025-02-19,16.35,16.67,16.22,16.59,278590700.0,0.0,航天软件
688562,2025-02-20,16.6,17.27,16.46,17.0,492767000.0,0.0,航天软件
688562,2025-02-21,16.9,17.39,16.72,17.32,441399800.0,0.0,航天软件
688562,2025-02-24,17.32,17.4,16.98,17.23,330315800.0,0.0,航天软件
688562,2025-02-25,16.98,17.29,16.9,17.09,324533200.0,0.0,航天软件
688562,2025-02-26,17.17,17.22,16.9,17.09,281002700.0,0.0,航天软件
688562,2025-02-27,17.0,17.13,16.6,17.0,334404400.0,0.0,航天软件
688562,2025-02-28,16.96,17.05,16.18,16.28,318876400.0,0.0,航天软件
688562,2025-03-03,16.5,16.82,16.15,16.55,292894100.0,0.0,航天软件
688562,2025-03-04,16.33,17.23,16.32,17.21,379495600.0,0.0,航天软件
688562,2025-03-05,17.21,17.25,16.92,17.12,246775400.0,0.0,航天软件
688562,2025-03-06,17.14,17.9,17.13,17.67,547198100.0,0.0,航天软件
688562,2025-03-07,17.68,18.08,17.47,17.55,554023300.0,0.0,航天软件
688562,2025-03-10,17.63,17.67,17.35,17.48,261223600.0,0.0,航天软件
688562,2025-03-11,17.21,18.13,17.19,17.78,417528000.0,0.0,航天软件
688562,2025-03-12,17.78,17.95,17.62,17.7,293750200.0,0.0,航天软件
688562,2025-03-13,17.62,17.77,17.22,17.61,282506100.0,0.0,航天软件
688562,2025-03-14,17.56,17.66,17.24,17.59,263338200.0,0.0,航天软件
688562,2025-03-17,17.6,17.94,17.43,17.53,225032600.0,0.0,航天软件
688562,2025-03-18,17.65,17.74,17.16,17.23,258803900.0,0.0,航天软件
688562,2025-03-19,17.26,17.28,16.81,16.94,220519700.0,0.0,航天软件
688562,2025-03-20,16.98,17.18,16.76,16.94,178413500.0,0.0,航天软件
688562,2025-03-21,16.86,17.0,16.5,16.56,261959900.0,0.0,航天软件
688562,2025-03-24,16.56,16.67,15.55,15.98,372922600.0,0.0,航天软件
688562,2025-03-25,15.99,16.27,15.91,16.01,197552000.0,0.0,航天软件
688562,2025-03-26,15.91,16.17,15.91,15.98,162246300.0,0.0,航天软件
688562,2025-03-27,15.9,16.29,15.62,16.11,230501900.0,0.0,航天软件
688562,2025-03-28,16.1,16.23,15.88,15.91,131684700.0,0.0,航天软件
688562,2025-03-31,15.88,15.94,15.45,15.68,211636500.0,0.0,航天软件
688562,2025-04-01,15.78,16.06,15.73,15.87,196211600.0,0.0,航天软件
688562,2025-04-02,15.91,15.96,15.68,15.75,185805600.0,0.0,航天软件
688562,2025-04-03,15.73,15.98,15.55,15.63,193501200.0,0.0,航天软件
688562,2025-04-07,14.72,14.98,12.6,13.2,571378700.0,0.0,航天软件
688562,2025-04-08,13.23,13.98,13.2,13.85,383559200.0,0.0,航天软件
688562,2025-04-09,13.6,14.66,13.27,14.58,430079800.0,0.0,航天软件
688562,2025-04-10,14.65,15.05,14.48,14.48,420818200.0,0.0,航天软件
688562,2025-04-11,14.38,15.2,14.38,14.94,431551000.0,0.0,航天软件
688562,2025-04-14,15.26,15.29,14.8,14.91,317041200.0,0.0,航天软件
688562,2025-04-15,14.9,15.08,14.66,14.99,249574500.0,0.0,航天软件
688562,2025-04-16,14.89,15.09,14.52,14.7,255553700.0,0.0,航天软件
688562,2025-04-17,14.52,15.03,14.52,14.78,222727600.0,0.0,航天软件
688562,2025-04-18,14.7,14.84,14.56,14.73,144281100.0,0.0,航天软件
688562,2025-04-21,14.73,15.08,14.54,14.93,178549300.0,0.0,航天软件
688562,2025-04-22,14.89,15.41,14.83,15.21,338900100.0,0.0,航天软件
688562,2025-04-23,15.44,15.44,15.1,15.22,226669000.0,0.0,航天软件
688562,2025-04-24,15.13,15.32,15.03,15.2,198109600.0,0.0,航天软件
688562,2025-04-25,15.18,15.23,14.95,15.04,159163600.0,0.0,航天软件
688562,2025-04-28,14.93,15.13,14.71,14.85,154949900.0,0.0,航天软件
688562,2025-04-29,14.75,15.06,14.73,14.95,125600600.0,0.0,航天软件
688562,2025-04-30,14.7,15.05,14.46,14.78,326305700.0,0.0,航天软件
688562,2025-05-06,14.87,15.28,14.81,15.28,308660500.0,0.0,航天软件
688562,2025-05-07,15.36,15.82,15.3,15.51,401935900.0,0.0,航天软件
688562,2025-05-08,15.46,16.24,15.4,16.16,439429600.0,0.0,航天软件
688562,2025-05-09,16.16,17.28,15.8,16.43,958921500.0,0.0,航天软件
688562,2025-05-12,16.39,17.87,16.06,17.25,1322810200.0,0.0,航天软件
688562,2025-05-13,17.2,17.23,16.53,16.75,693457100.0,0.0,航天软件
688562,2025-05-14,16.7,16.82,16.2,16.28,440257100.0,0.0,航天软件
688562,2025-05-15,16.49,16.5,16.05,16.15,444465300.0,0.0,航天软件
688562,2025-05-16,16.1,16.56,16.1,16.22,321854600.0,0.0,航天软件
688562,2025-05-19,16.17,16.5,15.93,16.5,317997000.0,0.0,航天软件
688562,2025-05-20,16.34,16.53,16.3,16.5,240063400.0,0.0,航天软件
688562,2025-05-21,16.45,16.5,16.16,16.28,251184500.0,0.0,航天软件
688562,2025-05-22,16.22,17.07,16.15,16.5,495340700.0,0.0,航天软件
688562,2025-05-23,16.45,16.71,16.21,16.26,310074300.0,0.0,航天软件
688562,2025-05-26,16.19,16.83,16.16,16.74,319945900.0,0.0,航天软件
688562,2025-05-27,16.73,17.22,16.42,17.14,475148600.0,0.0,航天软件
688562,2025-05-28,17.02,17.15,16.77,16.84,247525000.0,0.0,航天软件
688562,2025-05-29,16.88,17.35,16.8,17.19,346945500.0,0.0,航天软件
688562,2025-05-30,17.19,17.44,17.01,17.1,260316200.0,0.0,航天软件
688562,2025-06-03,17.09,17.27,16.97,17.04,261250800.0,0.0,航天软件
688562,2025-06-04,17.02,17.14,16.93,17.02,203289700.0,0.0,航天软件
688562,2025-06-05,17.06,17.39,16.99,17.34,260047900.0,0.0,航天软件
688562,2025-06-06,17.33,17.55,17.22,17.3,220852700.0,0.0,航天软件
688562,2025-06-09,17.3,18.01,17.3,17.82,426626600.0,0.0,航天软件
688562,2025-06-10,17.74,17.99,17.32,17.6,336991400.0,0.0,航天软件
688562,2025-06-11,17.61,17.61,17.4,17.44,184379100.0,0.0,航天软件
688562,2025-06-12,17.35,17.52,17.22,17.34,209982900.0,0.0,航天软件
688562,2025-06-13,17.26,17.38,16.82,16.87,287142400.0,0.0,航天软件
688562,2025-06-16,16.9,17.22,16.89,17.12,224258300.0,0.0,航天软件
688562,2025-06-17,17.17,17.17,16.71,16.89,241743000.0,0.0,航天软件
688562,2025-06-18,16.89,17.05,16.7,16.78,202970700.0,0.0,航天软件
688562,2025-06-19,16.71,16.87,16.35,16.39,242054600.0,0.0,航天软件
688562,2025-06-20,16.31,16.6,16.1,16.14,222465400.0,0.0,航天软件
688562,2025-06-23,16.05,16.58,16.05,16.54,199643800.0,0.0,航天软件
688562,2025-06-24,16.5,16.65,16.38,16.5,315060800.0,0.0,航天软件
688562,2025-06-25,16.56,16.82,16.41,16.71,517974900.0,0.0,航天软件
688562,2025-06-26,16.67,19.33,16.67,18.45,1816630500.0,0.0,航天软件
688562,2025-06-27,18.3,18.44,17.92,17.97,985182400.0,0.0,航天软件
688562,2025-06-30,17.92,18.93,17.92,18.74,1129963300.0,0.0,航天软件
688562,2025-07-01,18.66,18.85,18.15,18.38,641453000.0,0.0,航天软件
688562,2025-07-02,18.36,18.36,17.7,17.85,480036900.0,0.0,航天软件
688562,2025-07-03,17.88,18.17,17.61,17.7,405990400.0,0.0,航天软件
688562,2025-07-04,17.75,17.75,17.32,17.48,388624100.0,0.0,航天软件
688562,2025-07-07,17.52,17.7,17.42,17.55,274131500.0,0.0,航天软件
688562,2025-07-08,17.59,17.87,17.45,17.85,389446600.0,0.0,航天软件
688562,2025-07-09,17.8,18.11,17.68,17.83,379619000.0,0.0,航天软件
688562,2025-07-10,17.81,17.81,17.5,17.69,246704000.0,0.0,航天软件
688562,2025-07-11,17.68,17.96,17.5,17.8,341590200.0,0.0,航天软件
688562,2025-07-14,17.8,17.8,17.55,17.58,264296700.0,0.0,航天软件
688562,2025-07-15,17.53,17.59,17.12,17.4,293645100.0,0.0,航天软件
688562,2025-07-16,17.37,17.53,17.3,17.47,229914100.0,0.0,航天软件
688562,2025-07-17,17.4,17.75,17.36,17.65,321615400.0,0.0,航天软件
688562,2025-07-18,17.71,17.81,17.47,17.74,353882800.0,0.0,航天软件
688562,2025-07-21,17.7,18.19,17.63,18.01,450250700.0,0.0,航天软件
688562,2025-07-22,17.96,18.18,17.83,18.02,379412100.0,0.0,航天软件
688562,2025-07-23,17.97,18.35,17.89,18.03,437318900.0,0.0,航天软件
688562,2025-07-24,18.0,18.25,18.0,18.22,261345100.0,0.0,航天软件
688562,2025-07-25,18.2,18.37,18.09,18.35,367613800.0,0.0,航天软件
688562,2025-07-28,18.35,18.66,18.21,18.43,427515400.0,0.0,航天软件
688562,2025-07-29,18.34,18.69,18.28,18.67,474703900.0,0.0,航天软件
688562,2025-07-30,18.68,19.03,18.18,18.44,586152500.0,0.0,航天软件
688562,2025-07-31,18.31,18.71,18.12,18.2,503434400.0,0.0,航天软件
688562,2025-08-01,18.25,18.75,18.03,18.4,464511100.0,0.0,航天软件
688562,2025-08-04,18.41,19.31,18.33,19.3,1070794900.0,0.0,航天软件
688562,2025-08-05,19.3,19.49,18.98,19.03,707244900.0,0.0,航天软件
688562,2025-08-06,19.15,19.85,18.97,19.7,809688800.0,0.0,航天软件
688562,2025-08-07,19.56,19.68,19.3,19.43,538921600.0,0.0,航天软件
688562,2025-08-08,19.36,19.69,19.11,19.21,565936500.0,0.0,航天软件
688562,2025-08-11,19.14,19.58,19.14,19.23,613127600.0,0.0,航天软件
688562,2025-08-12,19.15,19.43,18.75,18.82,676484600.0,0.0,航天软件
688562,2025-08-13,18.86,19.07,18.67,18.82,681149200.0,0.0,航天软件
688562,2025-08-14,18.86,18.89,17.97,17.98,872542400.0,0.0,航天软件
688562,2025-08-15,17.93,18.21,17.93,18.08,557510000.0,0.0,航天软件
688562,2025-08-18,18.18,19.75,18.18,19.07,1373512900.0,0.0,航天软件
688562,2025-08-19,19.07,19.16,18.58,18.66,709264000.0,0.0,航天软件
688562,2025-08-20,18.61,18.63,18.2,18.52,750201500.0,0.0,航天软件
688562,2025-08-21,18.53,18.78,18.31,18.44,584066500.0,0.0,航天软件
688562,2025-08-22,18.35,19.25,18.35,19.17,847240300.0,0.0,航天软件
688562,2025-08-25,19.27,19.99,18.92,19.75,1763946200.0,0.0,航天软件
688562,2025-08-26,19.67,19.67,19.21,19.25,1040631000.0,0.0,航天软件
688562,2025-08-27,19.5,19.55,18.52,18.57,910563900.0,0.0,航天软件
688562,2025-08-28,18.65,19.24,18.28,19.06,1022292700.0,0.0,航天软件
688562,2025-08-29,18.91,19.55,18.85,19.35,1023310100.0,0.0,航天软件
688562,2025-09-01,19.35,19.56,18.97,19.15,795248700.0,0.0,航天软件
688562,2025-09-02,19.14,19.28,18.1,18.66,1091687800.0,0.0,航天软件
688562,2025-09-03,18.57,18.66,17.22,17.26,941643600.0,0.0,航天软件
688562,2025-09-04,17.29,17.8,16.72,16.91,700637600.0,0.0,航天软件
688562,2025-09-05,16.9,17.48,16.81,17.44,379426800.0,0.0,航天软件
688562,2025-09-08,17.43,17.97,17.22,17.87,519660500.0,0.0,航天软件
688562,2025-09-09,17.71,17.86,17.43,17.53,359886800.0,0.0,航天软件
688562,2025-09-10,17.51,17.7,17.34,17.36,310629500.0,0.0,航天软件
688562,2025-09-11,17.49,18.16,17.27,18.04,530830400.0,0.0,航天软件
688562,2025-09-12,18.03,18.34,17.88,17.9,548004800.0,0.0,航天软件
688562,2025-09-15,17.86,17.95,17.69,17.73,402494700.0,0.0,航天软件
688562,2025-09-16,17.7,17.9,17.58,17.88,306836900.0,0.0,航天软件
688562,2025-09-17,17.81,17.87,17.67,17.73,322979500.0,0.0,航天软件
688562,2025-09-18,17.68,18.03,17.2,17.31,563164100.0,0.0,航天软件
688562,2025-09-19,17.28,17.75,17.21,17.37,359996200.0,0.0,航天软件
688562,2025-09-22,17.28,17.76,17.28,17.65,288268600.0,0.0,航天软件
688562,2025-09-23,17.66,17.66,16.81,17.28,607420500.0,0.0,航天软件
688562,2025-09-24,17.16,17.95,17.16,17.93,524172200.0,0.0,航天软件
688562,2025-09-25,17.84,18.2,17.83,18.0,394120900.0,0.0,航天软件
688562,2025-09-26,18.0,18.13,17.69,17.72,361788900.0,0.0,航天软件
688562,2025-09-29,17.64,17.95,17.4,17.9,303122100.0,0.0,航天软件
688562,2025-09-30,17.97,18.58,17.97,18.38,501347800.0,0.0,航天软件
688562,2025-10-09,18.4,18.86,18.13,18.65,657337700.0,0.0,航天软件
688562,2025-10-10,18.51,18.57,18.03,18.08,465055800.0,0.0,航天软件
688562,2025-10-13,17.7,19.0,17.64,18.6,710825800.0,0.0,航天软件
688562,2025-10-14,18.58,18.87,18.31,18.4,533349100.0,0.0,航天软件
688562,2025-10-15,18.4,18.73,18.01,18.6,531032700.0,0.0,航天软件
688562,2025-10-16,18.5,18.53,18.02,18.08,439635900.0,0.0,航天软件
688562,2025-10-17,18.06,18.22,17.34,17.4,473620000.0,0.0,航天软件
688562,2025-10-20,17.49,17.89,17.24,17.45,302669700.0,0.0,航天软件
688562,2025-10-21,17.41,17.77,17.41,17.63,348403300.0,0.0,航天软件
688562,2025-10-22,17.61,17.61,17.24,17.31,357599100.0,0.0,航天软件
688562,2025-10-23,17.29,17.51,16.95,17.47,387002300.0,0.0,航天软件
688562,2025-10-24,18.15,19.5,18.15,18.3,1664698400.0,0.0,航天软件
688562,2025-10-27,18.58,18.82,18.23,18.31,967232300.0,0.0,航天软件
688562,2025-10-28,18.11,18.54,18.0,18.33,776823800.0,0.0,航天软件
688562,2025-10-29,18.12,18.62,18.12,18.42,571654700.0,0.0,航天软件
688562,2025-10-30,18.45,19.03,18.17,18.51,1135449500.0,0.0,航天软件
688562,2025-10-31,18.3,18.75,18.22,18.53,757335600.0,0.0,航天软件
688562,2025-11-03,18.47,19.07,18.3,19.04,826393200.0,0.0,航天软件
688562,2025-11-04,18.92,18.97,18.45,18.81,649507000.0,0.0,航天软件
688562,2025-11-05,18.59,18.77,18.31,18.57,610950800.0,0.0,航天软件
688562,2025-11-06,18.52,18.62,18.16,18.48,521863000.0,0.0,航天软件
688562,2025-11-07,18.38,18.8,18.17,18.7,794454400.0,0.0,航天软件
688562,2025-11-10,18.6,19.11,18.42,18.51,636550600.0,0.0,航天软件
688562,2025-11-11,18.46,18.51,17.88,17.99,631465900.0,0.0,航天软件
688562,2025-11-12,18.03,18.15,17.61,18.08,499281200.0,0.0,航天软件
688562,2025-11-13,17.94,19.36,17.94,19.05,1525836200.0,0.0,航天软件
688562,2025-11-14,19.01,19.11,18.67,18.71,659810800.0,0.0,航天软件
688562,2025-11-17,18.88,19.05,18.69,18.93,680934900.0,0.0,航天软件
688562,2025-11-18,18.73,19.06,18.5,18.82,785264700.0,0.0,航天软件
688562,2025-11-19,18.79,19.14,18.21,18.39,826349000.0,0.0,航天软件
688562,2025-11-20,18.36,18.58,17.97,18.17,775498800.0,0.0,航天软件
688562,2025-11-21,17.94,18.12,16.91,17.07,1101775900.0,0.0,航天软件
688562,2025-11-24,17.15,18.71,17.1,18.65,1466634700.0,0.0,航天软件
688562,2025-11-25,18.69,19.3,18.41,18.95,1182919900.0,0.0,航天软件
688562,2025-11-26,18.92,19.97,18.88,19.12,1486372200.0,0.0,航天软件
688562,2025-11-27,19.17,19.37,18.85,19.15,839827700.0,0.0,航天软件
688562,2025-11-28,19.02,19.88,19.02,19.83,1312280900.0,0.0,航天软件
688562,2025-12-01,19.96,21.27,19.87,20.2,2223892300.0,0.0,航天软件
688562,2025-12-02,20.29,20.85,19.96,20.35,1478968700.0,0.0,航天软件
688562,2025-12-03,20.36,20.36,19.09,19.55,1627362100.0,0.0,航天软件
688562,2025-12-04,19.49,21.44,19.32,20.01,2026462300.0,0.0,航天软件
688562,2025-12-05,20.17,21.13,19.56,21.06,2246147700.0,0.0,航天软件
688562,2025-12-08,21.48,22.66,20.99,21.15,3025935300.0,0.0,航天软件
688562,2025-12-09,21.18,21.31,20.44,20.68,1779639000.0,0.0,航天软件
688562,2025-12-10,20.53,21.6,20.17,20.81,1831662200.0,0.0,航天软件
688562,2025-12-11,20.73,20.97,20.35,20.38,1232795000.0,0.0,航天软件
688562,2025-12-12,20.39,21.37,20.17,20.76,1659462800.0,0.0,航天软件
688562,2025-12-15,20.69,23.68,20.36,22.78,2763612500.0,0.0,航天软件
688562,2025-12-16,22.5,22.69,21.3,21.9,2004024500.0,0.0,航天软件
688562,2025-12-17,21.6,22.41,20.42,20.99,1732687400.0,0.0,航天软件
688562,2025-12-18,20.79,22.25,20.63,21.52,1737014300.0,0.0,航天软件
688562,2025-12-19,21.52,22.8,21.52,21.9,1683814800.0,0.0,航天软件
688562,2025-12-22,22.22,22.34,21.17,21.31,1591433600.0,0.0,航天软件
688562,2025-12-23,21.3,21.3,19.82,20.11,1789612900.0,0.0,航天软件
688562,2025-12-24,20.23,20.67,19.93,20.65,1394245100.0,0.0,航天软件
688562,2025-12-25,20.48,24.68,20.45,22.81,3429228400.0,0.0,航天软件
688562,2025-12-26,22.82,25.58,22.75,24.32,3841674300.0,0.0,航天软件
688562,2025-12-29,23.9,24.2,23.29,23.75,2037041400.0,0.0,航天软件
688562,2025-12-30,23.5,25.13,22.87,23.31,2743695100.0,0.0,航天软件
688562,2025-12-31,23.15,24.4,23.15,23.88,2547478200.0,0.0,航天软件
688562,2026-01-05,24.06,24.35,23.01,23.66,2132637800.0,0.0,航天软件
688562,2026-01-06,23.44,24.26,22.86,24.05,2261787200.0,0.0,航天软件
688562,2026-01-07,23.94,24.7,23.1,24.7,2298958900.0,0.0,航天软件
688562,2026-01-08,24.11,26.87,24.05,26.29,2995159700.0,0.0,航天软件
688562,2026-01-09,26.07,28.38,26.04,26.57,3084409900.0,0.0,航天软件
688562,2026-01-12,26.81,30.87,26.78,29.7,3292877100.0,0.0,航天软件
688562,2026-01-13,29.41,29.41,25.73,25.85,3214564700.0,0.0,航天软件
688562,2026-01-14,25.8,27.8,25.7,26.35,2901682600.0,0.0,航天软件
688562,2026-01-15,25.8,25.81,23.93,24.35,2257026400.0,0.0,航天软件
688562,2026-01-16,24.53,25.08,23.66,23.9,1797663900.0,0.0,航天软件
688562,2026-01-19,23.7,24.65,23.36,24.2,1555277500.0,0.0,航天软件
688562,2026-01-20,24.2,24.33,22.47,22.84,1623749800.0,0.0,航天软件
688562,2026-01-21,22.62,23.01,22.21,22.32,1039624300.0,0.0,航天软件
688562,2026-01-22,22.5,23.06,22.43,22.94,1057772200.0,0.0,航天软件
688562,2026-01-23,24.0,25.36,23.81,24.73,2618088600.0,0.0,航天软件
688562,2026-01-26,24.65,24.73,22.61,22.88,1960638800.0,0.0,航天软件
688562,2026-01-27,22.91,23.34,22.31,23.31,1299767200.0,0.0,航天软件
688562,2026-01-28,23.21,23.75,22.54,22.69,1029390700.0,0.0,航天软件
688562,2026-01-29,22.47,23.3,22.31,22.68,983649900.0,0.0,航天软件
688562,2026-01-30,22.51,22.86,22.14,22.46,850922400.0,0.0,航天软件
688562,2026-02-02,22.55,23.05,22.02,22.1,771040300.0,0.0,航天软件
688562,2026-02-03,22.35,22.93,22.16,22.85,869020800.0,0.0,航天软件
688562,2026-02-04,22.75,23.03,22.39,22.76,759968800.0,0.0,航天软件
688562,2026-02-05,22.52,22.86,22.15,22.18,635253600.0,0.0,航天软件
688562,2026-02-06,22.0,22.44,21.82,21.98,513406700.0,0.0,航天软件
688562,2026-02-09,22.37,22.65,22.24,22.5,572680400.0,0.0,航天软件
688562,2026-02-10,22.6,22.64,22.16,22.37,466791800.0,0.0,航天软件
688562,2026-02-11,22.37,22.63,22.17,22.2,459362600.0,0.0,航天软件
688562,2026-02-12,22.2,22.41,22.1,22.27,401093700.0,0.0,航天软件
688562,2026-02-13,22.26,22.49,21.94,22.0,452783900.0,0.0,航天软件
688562,2026-02-24,22.23,22.38,21.64,21.68,498173000.0,0.0,航天软件
688562,2026-02-25,21.68,22.27,21.66,22.1,491328600.0,0.0,航天软件
688562,2026-02-26,22.13,22.28,21.76,22.15,454591900.0,0.0,航天软件
688562,2026-02-27,22.05,22.51,22.05,22.22,460009900.0,0.0,航天软件
688562,2026-03-02,22.06,23.08,22.05,22.5,987683000.0,0.0,航天软件
688562,2026-03-03,22.46,22.46,20.27,20.3,1310260500.0,0.0,航天软件
688562,2026-03-04,20.06,20.86,19.96,20.53,666144400.0,0.0,航天软件
688562,2026-03-05,20.83,21.0,20.42,20.78,455874500.0,0.0,航天软件
688562,2026-03-06,20.6,21.26,20.45,20.94,419948400.0,0.0,航天软件
688562,2026-03-09,20.7,20.9,20.19,20.76,556725000.0,0.0,航天软件
688562,2026-03-10,20.99,21.44,20.95,21.21,420245800.0,0.0,航天软件
688562,2026-03-11,21.2,21.35,20.65,20.7,465145400.0,0.0,航天软件
688562,2026-03-12,20.61,20.7,20.0,20.28,421951700.0,0.0,航天软件
688562,2026-03-13,20.46,20.46,19.97,20.03,409567600.0,0.0,航天软件
688562,2026-03-16,19.96,20.16,19.62,20.14,431296300.0,0.0,航天软件
688562,2026-03-17,20.15,20.25,19.53,19.57,324831200.0,0.0,航天软件
688562,2026-03-18,19.76,20.11,19.58,20.11,350564700.0,0.0,航天软件
688562,2026-03-19,19.97,20.1,19.7,19.77,303484700.0,0.0,航天软件
688562,2026-03-20,20.19,20.19,18.95,18.95,532443900.0,0.0,航天软件
688562,2026-03-23,18.66,18.85,17.61,17.77,675339500.0,0.0,航天软件
688562,2026-03-24,17.99,18.35,17.76,18.35,413018600.0,0.0,航天软件
688562,2026-03-25,18.3,18.68,18.24,18.53,365525300.0,0.0,航天软件
688562,2026-03-26,18.6,18.62,17.96,18.1,354984200.0,0.0,航天软件
688562,2026-03-27,17.96,18.4,17.84,18.22,329464400.0,0.0,航天软件
688562,2026-03-30,17.97,18.57,17.91,18.53,361753300.0,0.0,航天软件
688562,2026-03-31,18.98,20.06,18.95,19.26,1244967500.0,0.0,航天软件
688562,2026-04-01,19.68,19.77,18.95,19.17,690473400.0,0.0,航天软件
688562,2026-04-02,19.01,19.24,18.54,18.68,474419100.0,0.0,航天软件
688562,2026-04-03,18.6,18.86,18.13,18.2,364722700.0,0.0,航天软件
688562,2026-04-07,18.15,18.4,18.0,18.17,311516900.0,0.0,航天软件
688562,2026-04-08,18.59,19.21,18.57,19.16,460143900.0,0.0,航天软件
688562,2026-04-09,19.01,19.13,18.68,18.73,383174000.0,0.0,航天软件
688562,2026-04-10,18.75,19.18,18.75,18.83,317162100.0,0.0,航天软件
688562,2026-04-13,18.73,19.22,18.61,19.15,335279200.0,0.0,航天软件
688562,2026-04-14,19.3,20.02,19.16,19.97,668120400.0,0.0,航天软件
688562,2026-04-15,19.96,20.49,19.83,19.88,654375500.0,0.0,航天软件
688562,2026-04-16,20.0,20.06,19.7,19.89,402664900.0,0.0,航天软件
688562,2026-04-17,19.89,20.42,19.76,20.02,315160000.0,0.0,航天软件
688562,2026-04-20,19.91,20.54,19.91,20.39,511377600.0,0.0,航天软件
688562,2026-04-21,20.32,20.35,19.91,20.06,394521300.0,0.0,航天软件
688562,2026-04-22,19.93,20.07,19.75,20.04,356123000.0,0.0,航天软件
688562,2026-04-23,20.04,20.06,19.49,19.65,435200700.0,0.0,航天软件
688562,2026-04-24,19.51,19.63,19.11,19.33,343911300.0,0.0,航天软件
688562,2026-04-27,19.18,19.54,19.08,19.45,299468700.0,0.0,航天软件
688562,2026-04-28,19.34,19.49,18.39,18.5,520012600.0,0.0,航天软件
688562,2026-04-29,18.51,19.29,18.47,18.98,493595200.0,0.0,航天软件
688562,2026-04-30,18.56,18.65,17.98,18.59,923918500.0,0.0,航天软件
688562,2026-05-06,18.58,19.18,18.58,18.9,725471200.0,0.0,航天软件
688562,2026-05-07,19.05,19.09,18.71,19.06,564558300.0,0.0,航天软件
688562,2026-05-08,19.01,20.05,18.96,19.92,901690100.0,0.0,航天软件
688562,2026-05-11,20.05,20.28,19.83,19.97,709141900.0,0.0,航天软件
688562,2026-05-12,19.9,19.97,19.36,19.38,589963000.0,0.0,航天软件
688562,2026-05-13,19.38,19.42,18.93,19.37,561616400.0,0.0,航天软件
688562,2026-05-14,19.36,19.48,18.47,18.52,669450200.0,0.0,航天软件
688562,2026-05-15,18.5,18.78,18.18,18.3,467571100.0,0.0,航天软件
688562,2026-05-18,18.15,18.84,18.08,18.58,422064000.0,0.0,航天软件
688562,2026-05-19,18.5,18.88,18.34,18.76,375653600.0,0.0,航天软件
688562,2026-05-20,18.69,18.97,18.33,18.56,351271400.0,0.0,航天软件
688562,2026-05-21,18.56,18.76,17.58,17.66,561738100.0,0.0,航天软件
688562,2026-05-22,17.72,18.14,17.46,18.04,386141400.0,0.0,航天软件
688562,2026-05-25,18.29,19.69,18.29,18.97,796222100.0,0.0,航天软件
688562,2026-05-26,18.67,18.8,17.66,18.01,585344400.0,0.0,航天软件
688562,2026-05-27,18.02,18.08,17.12,17.32,469929900.0,0.0,航天软件
688562,2026-05-28,17.35,17.64,16.88,17.45,477070500.0,0.0,航天软件
688562,2026-05-29,17.59,18.19,17.04,17.14,603488100.0,0.0,航天软件
688562,2026-06-01,17.22,17.54,17.1,17.32,376191700.0,0.0,航天软件
688562,2026-06-02,17.2,17.53,16.97,17.18,322249900.0,0.0,航天软件
688562,2026-06-03,17.18,17.43,16.91,17.04,351554100.0,0.0,航天软件
688562,2026-06-04,17.19,17.19,16.2,16.42,424129500.0,0.0,航天软件
688562,2026-06-05,16.43,16.9,16.25,16.68,314214500.0,0.0,航天软件
688562,2026-06-08,16.32,16.85,16.26,16.8,335743400.0,0.0,航天软件
688562,2026-06-09,16.88,16.94,16.66,16.9,227793700.0,0.0,航天软件
688562,2026-06-10,16.9,17.1,16.19,16.49,330721500.0,0.0,航天软件
688562,2026-06-11,16.46,16.47,15.93,16.13,307821500.0,0.0,航天软件
688562,2026-06-12,16.32,17.25,16.25,16.87,581059200.0,0.0,航天软件
688562,2026-06-15,16.89,17.0,16.45,16.6,516318500.0,0.0,航天软件
688562,2026-06-16,16.65,16.92,16.44,16.77,324157100.0,0.0,航天软件
688562,2026-06-17,16.51,16.85,16.22,16.38,325744400.0,0.0,航天软件
688562,2026-06-18,16.39,16.6,16.06,16.33,389039100.0,0.0,航天软件
688562,2026-06-22,16.47,16.48,15.56,16.23,509383700.0,0.0,航天软件
688562,2026-06-23,16.06,16.34,15.73,15.82,319832500.0,0.0,航天软件
688562,2026-06-24,15.7,15.82,15.23,15.58,444904900.0,0.0,航天软件
688562,2026-06-25,15.49,15.63,14.77,14.89,652780500.0,0.0,航天软件
688562,2026-06-26,14.66,14.91,14.21,14.66,437130400.0,0.0,航天软件
688562,2026-06-29,14.56,14.67,14.15,14.5,366955700.0,0.0,航天软件
688562,2026-06-30,14.5,15.28,14.4,15.06,433747100.0,0.0,航天软件
688562,2026-07-01,15.14,15.58,15.0,15.31,411947500.0,0.0,航天软件
688562,2026-07-02,15.33,15.85,15.0,15.01,489881400.0,0.0,航天软件
688562,2026-07-03,15.05,15.84,15.01,15.56,463016300.0,0.0,航天软件
688562,2026-07-06,15.41,15.67,14.77,14.77,383472900.0,0.0,航天软件
688562,2026-07-07,14.81,14.95,14.2,14.34,331442800.0,0.0,航天软件
688562,2026-07-08,14.38,14.45,13.99,14.11,386051300.0,0.0,航天软件
688562,2026-07-09,14.11,14.48,13.82,14.45,401092900.0,0.0,航天软件
688562,2026-07-10,14.26,16.02,14.26,15.24,924410800.0,0.0,航天软件
688562,2026-07-13,15.26,15.38,14.05,14.14,770104700.0,0.0,航天软件
688562,2026-07-14,14.18,14.18,13.58,14.02,427482400.0,0.0,航天软件
688562,2026-07-15,13.87,14.46,13.87,14.26,423930300.0,0.0,航天软件
688562,2026-07-16,14.11,14.32,13.92,14.1,266812100.0,0.0,航天软件
688562,2026-07-17,14.08,14.24,13.45,13.51,486150200.0,0.0,航天软件
688562,2026-07-20,13.54,13.88,13.01,13.44,416614300.0,0.0,航天软件
688562,2026-07-21,13.49,13.77,12.95,13.63,442603500.0,0.0,航天软件
688562,2026-07-22,13.47,13.63,13.14,13.23,368037300.0,0.0,航天软件
688562,2026-07-23,13.0,13.45,12.99,13.38,384411500.0,0.0,航天软件
688562,2026-07-24,13.29,13.42,12.91,12.91,271297000.0,0.0,航天软件
688562,2026-07-27,12.86,13.35,12.86,13.34,257619000.0,0.0,航天软件
688562,2026-07-28,13.2,13.59,13.2,13.39,277479600.0,0.0,航天软件
688562,2026-07-29,13.44,13.68,13.26,13.6,256615600.0,0.0,航天软件
688562,2026-07-30,13.63,13.79,13.4,13.46,316238400.0,0.0,航天软件
688562,2026-07-31,13.7,14.23,13.7,13.88,437087000.0,0.0,航天软件
688562,2026-08-03,13.88,14.34,13.87,14.33,379470600.0,0.0,航天软件
688562,2026-08-04,14.48,14.53,14.3,14.42,272453000.0,0.0,航天软件
688562,2026-08-05,14.5,14.68,14.33,14.47,361860600.0,0.0,航天软件
688562,2026-08-06,14.3,14.72,14.25,14.47,414353100.0,0.0,航天软件
688562,2026-08-07,14.41,14.55,14.07,14.5,405307600.0,0.0,航天软件
688562,2026-08-10,14.56,14.82,14.34,14.81,380992200.0,0.0,航天软件
688562,2026-08-11,14.7,14.72,14.33,14.52,268774000.0,0.0,航天软件
688562,2026-08-12,14.5,14.71,14.47,14.59,210147800.0,0.0,航天软件
688562,2026-08-13,14.78,14.78,14.33,14.35,341827900.0,0.0,航天软件
688562,2026-08-14,14.42,14.46,14.2,14.38,214351200.0,0.0,航天软件
688562,2026-08-17,14.39,14.51,14.23,14.44,323210000.0,0.0,航天软件
688562,2026-08-18,14.46,14.46,14.12,14.43,320822200.0,0.0,航天软件
688562,2026-08-19,14.77,14.84,13.67,13.69,494888100.0,0.0,航天软件
688562,2026-08-20,13.7,14.02,13.69,13.87,234977900.0,0.0,航天软件
688562,2026-08-21,13.73,14.05,13.62,13.99,245654800.0,0.0,航天软件
688562,2026-08-24,13.96,14.36,13.75,13.9,291943800.0,0.0,航天软件
688562,2026-08-25,13.8,14.19,13.71,14.08,221279000.0,0.0,航天软件
688562,2026-08-26,14.02,14.26,14.02,14.19,153487400.0,0.0,航天软件
688562,2026-08-27,14.23,14.27,14.05,14.21,222088500.0,0.0,航天软件
688562,2026-08-28,14.08,14.42,14.06,14.18,281719300.0,0.0,航天软件
688562,2026-08-31,14.09,14.29,13.96,14.25,258526300.0,0.0,航天软件
688562,2026-09-01,14.35,14.61,14.2,14.49,340490300.0,0.0,航天软件
688562,2026-09-02,14.4,14.81,14.31,14.6,322806100.0,0.0,航天软件
688562,2026-09-03,14.7,15.06,14.5,14.66,548965400.0,0.0,航天软件
688562,2026-09-04,14.78,14.97,14.58,14.63,400487000.0,0.0,航天软件
